(1.0E-13 100.0 0.5)(18.721717799374655 156.0)
(1.0E-13,100.0,0.5)(97.68420867383777 5.0)
(1.0E-13,100.0,0.5)(64.09539742684727 70.0)
(1.0E-13,100.0,0.5)(32.59460711888729 108.0)
(1.0E-13,100.0,0.5)(31.79365762194258 123.0)
(1.0E-13,100.0,0.5)(28.372063869589713 132.0)
(1.0E-13,100.0,0.5)(26.428127007873357 134.0)
(1.0E-13,100.0,0.5)(22.600746050954278 138.0)
(1.0E-13,100.0,0.5)(20.110756423362556 141.0)
(1.0E-13,100.0,0.5)(19.764598769637743 143.0)
(1.0E-13,100.0,0.5)(19.547695915485683 144.0)
(1.0E-13,100.0,0.5)(16.244223815662647 146.0)
(1.0E-13,100.0,0.5)(16.483691720956223 147.0)
(1.0E-13,100.0,0.5)(16.63693134693924 148.0)
(1.0E-13,100.0,0.5)(16.947661731505754 149.0)
(1.0E-13,100.0,0.5)(16.947661731505754 151.0)
(1.0E-13,100.0,0.5)(18.15380779663785 152.0)
(1.0E-13,100.0,0.5)(97.51910876750222 25.0)
(1.0E-13,100.0,0.5)(97.68420867383777 1.0)
(1.0E-13,100.0,0.5)(32.2785763064457 152.0)
(1.0E-13,100.0,0.5)(88.69695903341022 32.0)
(1.0E-13,100.0,0.5)(18.15380779663785 153.0)
(1.0E-13,100.0,0.5)(18.15380779663785 150.0)
(1.0E-13 100.0 0.51)(18.27263897328749 154.0)
(1.0E-13,100.0,0.51)(94.04614119406513 9.0)
(1.0E-13,100.0,0.51)(64.09539742684727 70.0)
(1.0E-13,100.0,0.51)(32.60450699142528 108.0)
(1.0E-13,100.0,0.51)(30.441130385932222 126.0)
(1.0E-13,100.0,0.51)(28.372063869589713 132.0)
(1.0E-13,100.0,0.51)(26.428127007873357 134.0)
(1.0E-13,100.0,0.51)(22.600746050954278 138.0)
(1.0E-13,100.0,0.51)(20.110756423362556 141.0)
(1.0E-13,100.0,0.51)(19.764598769637743 143.0)
(1.0E-13,100.0,0.51)(19.547695915485683 144.0)
(1.0E-13,100.0,0.51)(16.244223815662647 146.0)
(1.0E-13,100.0,0.51)(16.483691720956223 147.0)
(1.0E-13,100.0,0.51)(16.63693134693924 148.0)
(1.0E-13,100.0,0.51)(16.947661731505754 149.0)
(1.0E-13,100.0,0.51)(16.947661731505754 151.0)
(1.0E-13,100.0,0.51)(18.15380779663785 152.0)
(1.0E-13,100.0,0.51)(97.68420867383777 1.0)
(1.0E-13,100.0,0.51)(48.34087517326695 154.0)
(1.0E-13,100.0,0.51)(18.15380779663785 153.0)
(1.0E-13 100.0 0.52)(18.15380779663785 150.0)
(1.0E-13,100.0,0.52)(94.04614119406513 9.0)
(1.0E-13,100.0,0.52)(64.09539742684727 70.0)
(1.0E-13,100.0,0.52)(36.66535624676688 104.0)
(1.0E-13,100.0,0.52)(30.441130385932222 126.0)
(1.0E-13,100.0,0.52)(28.372063869589713 133.0)
(1.0E-13,100.0,0.52)(22.600746050954278 138.0)
(1.0E-13,100.0,0.52)(21.274841353290853 139.0)
(1.0E-13,100.0,0.52)(20.93000214476563 141.0)
(1.0E-13,100.0,0.52)(19.88946007925592 143.0)
(1.0E-13,100.0,0.52)(16.348778946485197 145.0)
(1.0E-13,100.0,0.52)(16.244223815662647 146.0)
(1.0E-13,100.0,0.52)(16.483691720956223 147.0)
(1.0E-13,100.0,0.52)(16.63693134693924 148.0)
(1.0E-13,100.0,0.52)(16.947661731505754 149.0)
(1.0E-13,100.0,0.52)(18.15380779663785 150.0)
(1.0E-13,100.0,0.52)(97.68420867383777 1.0)
(1.0E-13 100.0 0.53)(18.15380779663785 150.0)
(1.0E-13,100.0,0.53)(94.04614119406513 9.0)
(1.0E-13,100.0,0.53)(64.09539742684727 70.0)
(1.0E-13,100.0,0.53)(32.730416626728015 109.0)
(1.0E-13,100.0,0.53)(30.441130385932222 126.0)
(1.0E-13,100.0,0.53)(28.372063869589713 133.0)
(1.0E-13,100.0,0.53)(22.600746050954278 138.0)
(1.0E-13,100.0,0.53)(21.274841353290853 139.0)
(1.0E-13,100.0,0.53)(20.694467904725766 142.0)
(1.0E-13,100.0,0.53)(19.88946007925592 143.0)
(1.0E-13,100.0,0.53)(16.348778946485197 145.0)
(1.0E-13,100.0,0.53)(16.244223815662647 146.0)
(1.0E-13,100.0,0.53)(16.483691720956223 147.0)
(1.0E-13,100.0,0.53)(16.63693134693924 148.0)
(1.0E-13,100.0,0.53)(16.947661731505754 149.0)
(1.0E-13,100.0,0.53)(18.15380779663785 150.0)
(1.0E-13,100.0,0.53)(97.68420867383777 1.0)
(1.0E-13,100.0,0.53)(93.9016287491983 21.0)
(1.0E-13,100.0,0.53)(97.68420867383777 5.0)
(1.0E-13 100.0 0.54)(18.54769131198074 152.0)
(1.0E-13,100.0,0.54)(94.04614119406513 9.0)
(1.0E-13,100.0,0.54)(61.19251850987638 71.0)
(1.0E-13,100.0,0.54)(36.448204108635025 109.0)
(1.0E-13,100.0,0.54)(30.441130385932222 126.0)
(1.0E-13,100.0,0.54)(26.428127007873357 134.0)
(1.0E-13,100.0,0.54)(22.600746050954278 138.0)
(1.0E-13,100.0,0.54)(21.274841353290853 139.0)
(1.0E-13,100.0,0.54)(20.694467904725766 142.0)
(1.0E-13,100.0,0.54)(19.53520808457384 144.0)
(1.0E-13,100.0,0.54)(16.348778946485197 145.0)
(1.0E-13,100.0,0.54)(16.244223815662647 146.0)
(1.0E-13,100.0,0.54)(16.483691720956223 147.0)
(1.0E-13,100.0,0.54)(16.63693134693924 148.0)
(1.0E-13,100.0,0.54)(16.947661731505754 149.0)
(1.0E-13,100.0,0.54)(18.15380779663785 150.0)
(1.0E-13,100.0,0.54)(97.68420867383777 1.0)
(1.0E-13 100.0 0.55)(18.15380779663785 150.0)
(1.0E-13,100.0,0.55)(94.04614119406513 9.0)
(1.0E-13,100.0,0.55)(61.19251850987638 79.0)
(1.0E-13,100.0,0.55)(32.44474972707459 110.0)
(1.0E-13,100.0,0.55)(30.09816746282005 128.0)
(1.0E-13,100.0,0.55)(26.428127007873357 134.0)
(1.0E-13,100.0,0.55)(22.600746050954278 138.0)
(1.0E-13,100.0,0.55)(21.274841353290853 139.0)
(1.0E-13,100.0,0.55)(20.694467904725766 142.0)
(1.0E-13,100.0,0.55)(19.53520808457384 144.0)
(1.0E-13,100.0,0.55)(16.348778946485197 145.0)
(1.0E-13,100.0,0.55)(16.244223815662647 146.0)
(1.0E-13,100.0,0.55)(16.483691720956223 147.0)
(1.0E-13,100.0,0.55)(16.63693134693924 148.0)
(1.0E-13,100.0,0.55)(16.947661731505754 149.0)
(1.0E-13,100.0,0.55)(18.15380779663785 150.0)
(1.0E-13,100.0,0.55)(18.27263897328749 154.0)
(1.0E-13,100.0,0.55)(97.68420867383777 1.0)
(1.0E-13,100.0,0.55)(18.15380779663785 152.0)
(1.0E-13 100.0 0.56)(18.15380779663785 150.0)
(1.0E-13,100.0,0.56)(94.04614119406513 9.0)
(1.0E-13,100.0,0.56)(61.19251850987638 84.0)
(1.0E-13,100.0,0.56)(32.57976200523941 110.0)
(1.0E-13,100.0,0.56)(30.09816746282005 128.0)
(1.0E-13,100.0,0.56)(26.428127007873357 134.0)
(1.0E-13,100.0,0.56)(22.600746050954278 138.0)
(1.0E-13,100.0,0.56)(21.274841353290853 139.0)
(1.0E-13,100.0,0.56)(20.694467904725766 142.0)
(1.0E-13,100.0,0.56)(19.53520808457384 144.0)
(1.0E-13,100.0,0.56)(16.348778946485197 145.0)
(1.0E-13,100.0,0.56)(16.483691720956223 147.0)
(1.0E-13,100.0,0.56)(16.63693134693924 148.0)
(1.0E-13,100.0,0.56)(16.947661731505754 149.0)
(1.0E-13,100.0,0.56)(18.15380779663785 150.0)
(1.0E-13,100.0,0.56)(97.57153781969554 17.0)
(1.0E-13,100.0,0.56)(97.68420867383777 5.0)
(1.0E-13,100.0,0.56)(97.68420867383777 1.0)
(1.0E-13 100.0 0.5700000000000001)(18.15380779663785 150.0)
(1.0E-13,100.0,0.5700000000000001)(94.04614119406513 9.0)
(1.0E-13,100.0,0.5700000000000001)(61.19251850987638 84.0)
(1.0E-13,100.0,0.5700000000000001)(32.43486862828525 112.0)
(1.0E-13,100.0,0.5700000000000001)(29.967007455460788 129.0)
(1.0E-13,100.0,0.5700000000000001)(25.97549193156463 135.0)
(1.0E-13,100.0,0.5700000000000001)(22.600746050954278 138.0)
(1.0E-13,100.0,0.5700000000000001)(21.274841353290853 139.0)
(1.0E-13,100.0,0.5700000000000001)(20.321473678929284 143.0)
(1.0E-13,100.0,0.5700000000000001)(16.348778946485197 145.0)
(1.0E-13,100.0,0.5700000000000001)(16.483691720956223 147.0)
(1.0E-13,100.0,0.5700000000000001)(16.67442134111289 148.0)
(1.0E-13,100.0,0.5700000000000001)(16.947661731505754 149.0)
(1.0E-13,100.0,0.5700000000000001)(18.15380779663785 150.0)
(1.0E-13,100.0,0.5700000000000001)(97.68420867383777 1.0)
(1.0E-13,100.0,0.5700000000000001)(18.518074142509157 150.0)
(1.0E-13,100.0,0.5700000000000001)(38.673749584548126 149.0)
(1.0E-13,100.0,0.5700000000000001)(97.68420867383777 10.0)
(1.0E-13,100.0,0.5700000000000001)(18.47367944034184 150.0)
(1.0E-13,100.0,0.5700000000000001)(97.68420867383777 5.0)
(1.0E-13 100.0 0.5800000000000001)(18.27263897328749 154.0)
(1.0E-13,100.0,0.5800000000000001)(97.39903141921357 12.0)
(1.0E-13,100.0,0.5800000000000001)(61.1896311134551 85.0)
(1.0E-13,100.0,0.5800000000000001)(32.44474972707459 111.0)
(1.0E-13,100.0,0.5800000000000001)(29.967007455460788 129.0)
(1.0E-13,100.0,0.5800000000000001)(25.97549193156463 135.0)
(1.0E-13,100.0,0.5800000000000001)(22.600746050954278 138.0)
(1.0E-13,100.0,0.5800000000000001)(21.274841353290853 139.0)
(1.0E-13,100.0,0.5800000000000001)(21.034531440695037 140.0)
(1.0E-13,100.0,0.5800000000000001)(20.321473678929284 143.0)
(1.0E-13,100.0,0.5800000000000001)(16.348778946485197 145.0)
(1.0E-13,100.0,0.5800000000000001)(16.483691720956223 147.0)
(1.0E-13,100.0,0.5800000000000001)(16.67442134111289 148.0)
(1.0E-13,100.0,0.5800000000000001)(16.947661731505754 149.0)
(1.0E-13,100.0,0.5800000000000001)(18.15380779663785 150.0)
(1.0E-13,100.0,0.5800000000000001)(97.68420867383777 1.0)
(1.0E-13,100.0,0.5800000000000001)(97.67170873498608 17.0)
(1.0E-13,100.0,0.5800000000000001)(69.51175698158526 154.0)
(1.0E-13 100.0 0.5900000000000001)(18.721717799374655 156.0)
(1.0E-13,100.0,0.5900000000000001)(97.39903141921357 12.0)
(1.0E-13,100.0,0.5900000000000001)(54.53978928351184 87.0)
(1.0E-13,100.0,0.5900000000000001)(32.56984047370434 115.0)
(1.0E-13,100.0,0.5900000000000001)(27.02524103579058 132.0)
(1.0E-13,100.0,0.5900000000000001)(25.97549193156463 135.0)
(1.0E-13,100.0,0.5900000000000001)(21.274841353290853 139.0)
(1.0E-13,100.0,0.5900000000000001)(20.46753663721371 140.0)
(1.0E-13,100.0,0.5900000000000001)(19.88946007925592 143.0)
(1.0E-13,100.0,0.5900000000000001)(19.53520808457384 144.0)
(1.0E-13,100.0,0.5900000000000001)(16.348778946485197 145.0)
(1.0E-13,100.0,0.5900000000000001)(16.483691720956223 147.0)
(1.0E-13,100.0,0.5900000000000001)(16.67442134111289 148.0)
(1.0E-13,100.0,0.5900000000000001)(16.947661731505754 149.0)
(1.0E-13,100.0,0.5900000000000001)(18.15380779663785 150.0)
(1.0E-13,100.0,0.5900000000000001)(97.68420867383777 1.0)
(1.0E-13,100.0,0.5900000000000001)(92.16079309171631 19.0)
(1.0E-13,100.0,0.5900000000000001)(92.95451638784306 20.0)
(1.0E-13,100.0,0.5900000000000001)(84.81259391268055 78.0)
(1.0E-13,100.0,0.5900000000000001)(18.27263897328749 154.0)
(1.0E-13,100.0,0.5900000000000001)(97.68420867383777 5.0)
(1.0E-13 100.0 0.6000000000000001)(18.54769131198074 154.0)
(1.0E-13,100.0,0.6000000000000001)(97.39903141921357 12.0)
(1.0E-13,100.0,0.6000000000000001)(50.73747540205224 89.0)
(1.0E-13,100.0,0.6000000000000001)(29.663972372066883 119.0)
(1.0E-13,100.0,0.6000000000000001)(25.49931752955589 133.0)
(1.0E-13,100.0,0.6000000000000001)(21.930109379175985 139.0)
(1.0E-13,100.0,0.6000000000000001)(20.110756423362556 141.0)
(1.0E-13,100.0,0.6000000000000001)(19.547695915485683 144.0)
(1.0E-13,100.0,0.6000000000000