0.050 0.050 20.445075158883167
0.050 0.100 21.450352108890172
0.050 0.150 22.03845202119132
0.050 0.200 22.45573228555384
0.050 0.250 22.77940760145154
0.050 0.300 23.04387367950591
0.050 0.350 23.26747901485677
0.050 0.400 23.461176353129627
0.050 0.450 23.63203059915924
0.050 0.500 23.78486570519746
0.050 0.550 23.923122448601664
0.050 0.600 24.04934140154781
0.050 0.650 24.165451921238354
0.050 0.700 24.27295373985431
0.050 0.750 24.373035755035584
0.050 0.800 24.466656404935936
0.050 0.850 24.554599634202955
0.050 0.900 24.63751483914838
0.050 0.950 24.715945998693627
0.050 1.000 24.79035332460369
0.100 0.050 24.861129624053085
0.100 0.100 24.928612852316093
0.100 0.150 24.993095872895918
0.100 0.200 25.054834138946877
0.100 0.250 25.114051805621767
0.100 0.300 25.170946642910664
0.100 0.350 25.225694020810625
0.100 0.400 25.278450169400134
0.100 0.450 25.329354866591096
0.100 0.500 25.37853367004891
0.100 0.550 25.426099783013626
0.100 0.600 25.47215562380043
0.100 0.650 25.516794153717118
0.100 0.700 25.560100006691737
0.100 0.750 25.602150455113705
0.100 0.800 25.643016239584295
0.100 0.850 25.682762284957963
0.100 0.900 25.72144832087629
0.100 0.950 25.759129421684705
0.100 1.000 25.79585647798255
0.150 0.050 25.831676609938942
0.150 0.100 25.866633530796403
0.150 0.150 25.90076786759738
0.150 0.200 25.93411744503545
0.150 0.250 25.966717537405135
0.150 0.300 25.99860109285781
0.150 0.350 26.029798933538586
0.150 0.400 26.060339934651434
0.150 0.450 26.090251185059778
0.150 0.500 26.119558131661705
0.150 0.550 26.14828470946763
0.150 0.600 26.17645345904672
0.150 0.650 26.204085632785805
0.150 0.700 26.231201291215935
0.150 0.750 26.257819390500114
0.150 0.800 26.283957862037866
0.150 0.850 26.309633685024203
0.150 0.900 26.33486295269806
0.150 0.950 26.359660932927717
0.150 1.000 26.384042123704237
0.200 0.050 26.40802030404802
0.200 0.100 26.43160858077621
0.200 0.150 26.454819431528122
0.200 0.200 26.47766474440238
0.200 0.250 26.50015585452124
0.200 0.300 26.522303577803182
0.200 0.350 26.5441182421961
0.200 0.400 26.565609716596633
0.200 0.450 26.586787437658305
0.200 0.500 26.607660434670947
0.200 0.550 26.62823735267533
0.200 0.600 26.648526473961287
0.200 0.650 26.66853573808311
0.200 0.700 26.688272760513197
0.200 0.750 26.70774485004358
0.200 0.800 26.726959025035132
0.200 0.850 26.745922028604447
0.200 0.900 26.764640342830965
0.200 0.950 26.78312020205906
0.200 1.000 26.80136760536351
0.250 0.050 26.819388328240557
0.250 0.100 26.837187933581827
0.250 0.150 26.854771781982887
0.250 0.200 26.872145041434738
0.250 0.250 26.889312696441664
0.250 0.300 26.906279556605828
0.250 0.350 26.923050264715652
0.250 0.400 26.939629304372005
0.250 0.450 26.956021007183498
0.250 0.500 26.972229559559675
0.250 0.550 26.98825900912903
0.250 0.600 27.004113270806204
0.250 0.650 27.019796132531162
0.250 0.700 27.03531126070165
0.250 0.750 27.05066220531789
0.250 0.800 27.065852404858134
0.250 0.850 27.080885190901586
0.250 0.900 27.09576379251414
0.250 0.950 27.11049134041146
0.250 1.000 27.12507087091303
0.300 0.050 27.13950532969925
0.300 0.100 27.153797575383614
0.300 0.150 27.167950382910565
0.300 0.200 27.181966446789108
0.300 0.250 27.19584838417195
0.300 0.300 27.20959873778837
0.300 0.350 27.223219978739664
0.300 0.400 27.236714509164447
0.300 0.450 27.250084664781085
0.300 0.500 27.263332717314125
0.300 0.550 27.276460876810884
0.300 0.600 27.28947129385415
0.300 0.650 27.3023660616765
0.300 0.700 27.315147218181576
0.300 0.750 27.327816747876973
0.300 0.800 27.340376583723547
0.300 0.850 27.352828608905288
0.300 0.900 27.36517465852385
0.300 0.950 27.377416521221782
0.300 1.000 27.389555940737466
0.350 0.050 27.401594617395908
0.350 0.100 27.41353420953798
0.350 0.150 27.425376334891343
0.350 0.200 27.437122571885922
0.350 0.250 27.44877446091647
0.350 0.300 27.460333505554935
0.350 0.350 27.47180117371473
0.350 0.400 27.483178898769623
0.350 0.450 27.49446808062878
0.350 0.500 27.505670086770504
0.350 0.550 27.516786253236308
0.350 0.600 27.527817885587208
0.350 0.650 27.538766259823806
0.350 0.700 27.549632623272156
0.350 0.750 27.560418195436462
0.350 0.800 27.57112416882043
0.350 0.850 27.58175170971848
0.350 0.900 27.592301958978283
0.350 0.950 27.602776032735626
0.350 1.000 27.613175023123027
0.400 0.050 27.623499998953147
0.400 0.100 27.633752006378
0.400 0.150 27.643932069525015
0.400 0.200 27.654041191111048
0.400 0.250 27.664080353035
0.400 0.300 27.674050516950214
0.400 0.350 27.683952624817184
0.400 0.400 27.693787599437677
0.400 0.450 27.70355634497074
0.400 0.500 27.713259747431554
0.400 0.550 27.722898675173692
0.400 0.600 27.73247397935534
0.400 0.650 27.74198649439047
0.400 0.700 27.75143703838501
0.400 0.750 27.76082641355926
0.400 0.800 27.770155406656357
0.400 0.850 27.779424789337963
0.400 0.900 27.78863531856726
0.400 0.950 27.797787736979913
0.400 1.000 27.806882773243345
0.450 0.050 27.815921142404918
0.450 0.100 27.8249035462292
0.450 0.150 27.833830673525068
0.450 0.200 27.84270320046246
0.450 0.250 27.851521790879904
0.450 0.300 27.86028709658247
0.450 0.350 27.868999757630874
0.450 0.400 27.877660402621956
0.450 0.450 27.886269648960834
0.450 0.500 27.89482810312496
0.450 0.550 27.90333636092058
0.450 0.600 27.911795007731566
0.450 0.650 27.920204618761076
0.450 0.700 27.928565759266373
0.450 0.750 27.936878984786688
0.450 0.800 27.945144841364797
0.450 0.850 27.95336386576226
0.450 0.900 27.96153658566845
0.450 0.950 27.969663519904017
0.450 1.000 27.97774517861841
0.500 0.050 27.98578206348208
0.500 0.100 27.993774667873332
0.500 0.150 28.001723477060096
0.500 0.200 28.009628968376703
0.500 0.250 28.017491611395872
0.500 0.300 28.025311868096114
0.500 0.350 28.033090193024638
0.500 0.400 28.040827033455745
0.500 0.450 28.048522829545362
0.500 0.500 28.056178014481144
0.500 0.550 28.063793014628846
0.500 0.600 28.07136824967486
0.500 0.650 28.078904132764922
0.500 0.700 28.08640107063938
0.500 0.750 28.093859463764932
0.500 0.800 28.10127970646294
0.500 0.850 28.108662187034536
0.500 0.900 28.116007287882635
0.500 0.950 28.12331538563067
0.500 1.000 28.130586851238537
0.550 0.050 28.137822050115595
0.550 0.100 28.145021342230823
0.550 0.150 28.152185082220278
0.550 0.200 28.15931361949197
0.550 0.250 28.16640729832808
0.550 0.300 28.17346645798471
0.550 0.350 28.18049143278928
0.550 0.400 28.187482552235597
0.550 0.450 28.194440141076445
0.550 0.500 28.201364519414234
0.550 0.550 28.208256002789273
0.550 0.600 28.215114902266173
0.550 0.650 28.22194152451792
0.550 0.700 28.228736171908363
0.550 0.750 28.235499142572376
0.550 0.800 28.242230730494477
0.550 0.850 28.2489312255855
0.550 0.900 28.255600913757448
0.550 0.950 28.262240076996747
0.550 1.000 28.268848993435792
0.600 0.050 28.27542793742283
0.600 0.100 28.281977179590328
0.600 0.150 28.288496986921746
0.600 0.200 28.294987622816866
0.600 0.250 28.301449347155614
0.600 0.300 28.307882416360545
0.600 0.350 28.31428708345785
0.600 0.400 28.32066359813711
0.600 0.450 28.327012206809684
0.600 0.500 28.33333315266587
0.600 0.550 28.339626675730763
0.600 0.600 28.345893012918967
0.600 0.650 28.352132398088138
0.600 0.700 28.358345062091306
0.600 0.750 28.364531232828124
0.600 0.800 28.370691135295093
0.600 0.850 28.376824991634606
0.600 0.900 28.382933021183035
0.600 0.950 28.38901544051779
0.600 1.000 28.395072463503407
0.650 0.050 28.401104301336627
0.650 0.100 28.407111162590695
0.650 0.150 28.41309325325849
0.650 0.200 28.41905077679502
0.650 0.250 28.42498393415888
0.650 0.300 28.430892923852948
0.650 0.350 28.43677794196428
0.650 0.400 28.442639182203035
0.650 0.450 28.448476835940884
0.650 0.500 28.45429109224839
0.650 0.550 28.46008213793178
0.650 0.600 28.465850157569026
0.650 0.650 28.47159533354499
0.650 0.700 28.477317846086216
0.650 0.750 28.483017873294735
0.650 0.800 28.488695591181315
0.650 0.850 28.494351173698174
0.650 0.900 28.499984792770842
0.650 0.950 28.5055966183296
0.650 1.000 28.51118681834023
0.700 0.050 28.516755558834124
0.700 0.100 28.52230300393791
0.700 0.150 28.527829315902512
0.700 0.200 28.533334655131586
0.700 0.250 28.53881918020939
0.700 0.300 28.54428304792838
0.700 0.350 28.54972641331589
0.700 0.400 28.555149429660656
0.700 0.450 28.560552248538702
0.700 0.500 28.565935019838733
0.700 0.550 28.571297891787083
0.700 0.600 28.576641010972264
0.700 0.650 28.581964522368896
0.700 0.700 28.58726856936143
0.700 0.750 28.592553293767278
0.700 0.800 28.59781883585952
0.700 0.850 28.603065334389303
0.700 0.900 28.60829292660776
0.700 0.950 28.613501748287522
0.700 1.000 28.61869193374395
0.750 0.050 28.623863615855853
0.750 0.100 28.629016926085896
0.750 0.150 28.634151994500723
0.750 0.200 28.6392689497906
0.750 0.250 28.644367919288722
0.750 0.300 28.64944902899035
0.750 0.350 28.654512403571367
0.750 0.400 28.65955816640672
0.750 0.450 28.66458643958839
0.750 0.500 28.6695973439432
0.750 0.550 28.674590999050153
0.750 0.600 28.679567523257596
0.750 0.650 28.68452703370005
0.750 0.700 28.68946964631475
0.750 0.750 28.694395475857895
0.750 0.800 28.699304635920647
0.750 0.850 28.704197238944825
0.750 0.900 28.709073396238452
0.750 0.950 28.713933217990768
0.750 1.000 28.71877681328736
0.800 0.050 28.723604290124733
0.800 0.100 28.72841575542482
0.800 0.150 28.733211315049154
0.800 0.200 28.737991073812836
0.800 0.250 28.74275513549837
0.800 0.300 28.747503602869056
0.800 0.350 28.752236577682382
0.800 0.400 28.756954160703028
0.800 0.450 28.76165645171589
0.800 0.500 28.766343549538547
0.800 0.550 28.771015552033855
0.800 0.600 28.77567255612217
0.800 0.650 28.780314657793394
0.800 0.700 28.7849419521189
0.800 0.750 28.78955453326311
0.800 0.800 28.794152494495144
0.800 0.850 28.798735928200003
0.800 0.900 28.80330492588976
0.800 0.950 28.807859578214526
0.800 1.000 28.812399974973236
0.850 0.050 28.816926205124286
0.850 0.100 28.82143835679596
0.850 0.150 28.82593651729674
0.850 0.200 28.830420773125432
0.850 0.250 28.834891209981226
0.850 0.300 28.83934791277338
0.850 0.350 28.843790965630994
0.850 0.400 28.84822045191255
0.850 0.450 28.85263645421522
0.850 0.500 28.8570390543842
0.850 0.550 28.861428333521697
0.850 0.600 28.86580437199605
0.850 0.650 28.87016724945038
0.850 0.700 28.874517044811423
0.850 0.750 28.878853836298045
0.850 0.800 28.883177701429684
0.850 0.850 28.887488717034675
0.850 0.900 28.891786959258436
0.850 0.950 28.8960725035715
0.850 1.000 28.900345424777548
0.900 0.050 28.90460579702117
0.900 0.100 28.90885369379563
0.900 0.150 28.913089187950433
0.900 0.200 28.917312351698847
0.900 0.250 28.921523256625296
0.900 0.300 28.925721973692628
0.900 0.350 28.929908573249293
0.900 0.400 28.934083125036427
0.900 0.450 28.938245698194773
0.900 0.500 28.94239636127163
0.900 0.550 28.946535182227567
0.900 0.600 28.950662228443118
0.900 0.650 28.95477756672541
0.900 0.700 28.958881263314503
0.900 0.750 28.962973383889988
0.900 0.800 28.96705399357717
0.900 0.850 28.971123156953308
0.900 0.900 28.97518093805372
0.900 0.950 28.979227400377955
0.900 1.000 28.98326260689555
0.950 0.050 28.98728662005211
0.950 0.100 28.991299501774968
0.950 0.150 28.995301313478983
0.950 0.200 28.999292116072123
0.950 0.250 29.003271969961098
0.950 0.300 29.007240935056743
0.950 0.350 29.01119907077955
0.950 0.400 29.015146436064917
0.950 0.450 29.019083089368415
0.950 0.500 29.02300908867107
0.950 0.550 29.02692449148439
0.950 0.600 29.030829354855427
0.950 0.650 29.03472373537186
0.950 0.700 29.038607689166806
0.950 0.750 29.04248127192372
0.950 0.800 29.046344538881158
0.950 0.850 29.050197544837598
0.950 0.900 29.05404034415596
0.950 0.950 29.057872990768328
0.950 1.000 29.061695538180434
1.000 0.050 29.065508039476125
1.000 0.100 29.069310547321834
1.000 0.150 29.073103113970948
1.000 0.200 29.076885791268037
1.000 0.250 29.08065863065321
1.000 0.300 29.08442168316623
1.000 0.350 29.088174999450715
1.000 0.400 29.09191862975818
1.000 0.450 29.095652623952144
1.000 0.500 29.099377031511978
1.000 0.550 29.103091901537034
1.000 0.600 29.106797282750357
1.000 0.650 29.110493223502587
1.000 0.700 29.114179771775774
1.000 0.750 29.11785697518708
1.000 0.800 29.12152488099245
1.000 0.850 29.125183536090315
1.000 0.900 29.128832987025113
1.000 0.950 29.13247327999093
1.000 1.000 29.136104460834915
