0.050 0.050 0.400 0.22371803290401246
0.050 0.100 0.400 0.20304927228613723
0.050 0.150 0.400 0.18791084035132732
0.050 0.200 0.400 0.17716952115086337
0.050 0.250 0.400 0.16883771113660453
0.050 0.300 0.400 0.16203002142614914
0.050 0.350 0.400 0.15627413866088194
0.050 0.400 0.400 0.15128812538309733
0.050 0.450 0.400 0.14689012205034369
0.050 0.500 0.400 0.1429559540601531
0.050 0.550 0.400 0.13939705147272807
0.050 0.600 0.400 0.1361480167626536
0.050 0.650 0.400 0.1331591858472178
0.050 0.700 0.400 0.1303919537324942
0.050 0.750 0.400 0.12781571669686523
0.050 0.800 0.400 0.12540580333594742
0.050 0.850 0.400 0.12314203392782613
0.050 0.900 0.400 0.12100769219409638
0.050 0.950 0.400 0.11898877543266023
0.050 1.000 0.400 0.11707343721345653
0.100 0.050 0.400 0.1100432328520865
0.100 0.100 0.400 0.11351446295443401
0.100 0.150 0.400 0.11185458884532393
0.100 0.200 0.400 0.11026536817237972
0.100 0.250 0.400 0.10874103089984322
0.100 0.300 0.400 0.10727648617925328
0.100 0.350 0.400 0.10586721976616209
0.100 0.400 0.400 0.1045092101017158
0.100 0.450 0.400 0.10319885912653512
0.100 0.500 0.400 0.10193293482828372
0.100 0.550 0.400 0.1007085232130834
0.100 0.600 0.400 0.09952298790459577
0.100 0.650 0.400 0.09837393596175559
0.100 0.700 0.400 0.09725918880073336
0.100 0.750 0.400 0.09617675733296907
0.100 0.800 0.400 0.09512482060635061
0.100 0.850 0.400 0.09410170737340898
0.100 0.900 0.400 0.09310588011799295
0.100 0.950 0.400 0.09213592115713401
0.100 1.000 0.400 0.09119052050275306
0.150 0.050 0.400 0.09026846522239104
0.150 0.100 0.400 0.08936863008216706
0.150 0.150 0.400 0.08848996929087471
0.150 0.200 0.400 0.08763150919329457
0.150 0.250 0.400 0.08679234178468889
0.150 0.300 0.400 0.08597161893817212
0.150 0.350 0.400 0.08516854725293588
0.150 0.400 0.400 0.08438238344488713
0.150 0.450 0.400 0.08361243021258688
0.150 0.500 0.400 0.08285803252085044
0.150 0.550 0.400 0.08211857425238481
0.150 0.600 0.400 0.0813934751845696
0.150 0.650 0.400 0.08068218825421933
0.150 0.700 0.400 0.07998419707801604
0.150 0.750 0.400 0.07929901370046574
0.150 0.800 0.400 0.0786261765447758
0.150 0.850 0.400 0.07796524854509629
0.150 0.900 0.400 0.07731581544120184
0.150 0.950 0.400 0.07667748421894655
0.150 1.000 0.400 0.076049881681793
0.200 0.050 0.400 0.0754326531404137
0.200 0.100 0.400 0.07482546120883873
0.200 0.150 0.400 0.07422798469692779
0.200 0.200 0.400 0.07363991759005956
0.200 0.250 0.400 0.0730609681079207
0.200 0.300 0.400 0.0724908578351563
0.200 0.350 0.400 0.0719293209173889
0.200 0.400 0.400 0.07137610331679758
0.200 0.450 0.400 0.0708309621220437
0.200 0.500 0.400 0.0702936649078425
0.200 0.550 0.400 0.06976398913996376
0.200 0.600 0.400 0.069241721621843
0.200 0.650 0.400 0.06872665797935984
0.200 0.700 0.400 0.06821860218066986
0.200 0.750 0.400 0.06771736608826714
0.200 0.800 0.400 0.06722276904070931
0.200 0.850 0.400 0.06673463746168837
0.200 0.900 0.400 0.066252804494321
0.200 0.950 0.400 0.06577710965873648
0.200 1.000 0.400 0.06530739853119943
0.250 0.050 0.400 0.06484352244316738
0.250 0.100 0.400 0.06438533819880837
0.250 0.150 0.400 0.0639327078096456
0.250 0.200 0.400 0.06348549824508612
0.250 0.250 0.400 0.06304358119771622
0.250 0.300 0.400 0.06260683286232266
0.250 0.350 0.400 0.06217513372768793
0.250 0.400 0.400 0.06174836838028264
0.250 0.450 0.400 0.061326425319049305
0.250 0.500 0.400 0.060909196780537106
0.250 0.550 0.400 0.06049657857369417
0.250 0.600 0.400 0.060088469923690435
0.250 0.650 0.400 0.05968477332418348
0.250 0.700 0.400 0.059285394397480734
0.250 0.750 0.400 0.05889024176210847
0.250 0.800 0.400 0.0584992269073088
0.250 0.850 0.400 0.05811226407403969
0.250 0.900 0.400 0.05772927014208093
0.250 0.950 0.400 0.05735016452287103
0.250 1.000 0.400 0.05697486905772481
0.300 0.050 0.400 0.05660330792112139
0.300 0.100 0.400 0.056235407528751474
0.300 0.150 0.400 0.05587109645005242
0.300 0.200 0.400 0.05551030532497128
0.300 0.250 0.400 0.05515296678470327
0.300 0.300 0.400 0.054799015376196414
0.300 0.350 0.400 0.05444838749019326
0.300 0.400 0.400 0.05410102129262237
0.300 0.450 0.400 0.05375685665915339
0.300 0.500 0.400 0.05341583511273712
0.300 0.550 0.400 0.053077899763974035
0.300 0.600 0.400 0.05274299525415643
0.300 0.650 0.400 0.05241106770084322
0.300 0.700 0.400 0.05208206464582979
0.300 0.750 0.400 0.05175593500539272
0.300 0.800 0.400 0.05143262902268686
0.300 0.850 0.400 0.051112098222186125
0.300 0.900 0.400 0.050794295366064196
0.300 0.950 0.400 0.05047917441241054
0.300 1.000 0.400 0.05016669047520467
0.350 0.050 0.400 0.04985679978594085
0.350 0.100 0.400 0.04954945965683777
0.350 0.150 0.400 0.04924462844554936
0.350 0.200 0.400 0.048942265521302625
0.350 0.250 0.400 0.04864233123239797
0.350 0.300 0.400 0.0483447868750011
0.350 0.350 0.400 0.048049594663173045
0.350 0.400 0.400 0.047756717700069146
0.350 0.450 0.400 0.047466119950265256
0.350 0.500 0.400 0.04717776621314895
0.350 0.550 0.400 0.04689162209733008
0.350 0.600 0.400 0.04660765399602479
0.350 0.650 0.400 0.04632582906337171
0.350 0.700 0.400 0.04604611519162821
0.350 0.750 0.400 0.04576848098922129
0.350 0.800 0.400 0.04549289575960455
0.350 0.850 0.400 0.04521932948089186
0.350 0.900 0.400 0.04494775278622801
0.350 0.950 0.400 0.0446781369448733
0.350 1.000 0.400 0.04441045384396203
0.400 0.050 0.400 0.04414467597091107
0.400 0.100 0.400 0.04388077639645102
0.400 0.150 0.400 0.04361872875825265
0.400 0.200 0.400 0.04335850724512219
0.400 0.250 0.400 0.04310008658174613
0.400 0.300 0.400 0.04284344201395701
0.400 0.350 0.400 0.04258854929450612
0.400 0.400 0.400 0.042335384669314496
0.400 0.450 0.400 0.04208392486419041
0.400 0.500 0.400 0.04183414707198785
0.400 0.550 0.400 0.041586028940192976
0.400 0.600 0.400 0.04133954855892272
0.400 0.650 0.400 0.0410946844493113
0.400 0.700 0.400 0.040851415552282416
0.400 0.750 0.400 0.04060972121767589
0.400 0.800 0.400 0.04036958119373321
0.400 0.850 0.400 0.040130975616911896
0.400 0.900 0.400 0.039893885002026896
0.400 0.950 0.400 0.03965829023270148
0.400 1.000 0.400 0.03942417255211922
0.450 0.050 0.400 0.03919151355406089
0.450 0.100 0.400 0.038960295174223364
0.450 0.150 0.400 0.038730499681799146
0.450 0.200 0.400 0.038502109671323004
0.450 0.250 0.400 0.0382751080547557
0.450 0.300 0.400 0.038049478053814395
0.450 0.350 0.400 0.03782520319253066
0.450 0.400 0.400 0.037602267290030605
0.450 0.450 0.400 0.03738065445352948
0.450 0.500 0.400 0.03716034907153434
0.450 0.550 0.400 0.03694133580724254
0.450 0.600 0.400 0.03672359959213639
0.450 0.650 0.400 0.03650712561976266
0.450 0.700 0.400 0.03629189933968799
0.450 0.750 0.400 0.036077906451633335
0.450 0.800 0.400 0.03586513289977036
0.450 0.850 0.400 0.03565356486718105
0.450 0.900 0.400 0.03544318877047656
0.450 0.950 0.400 0.035233991254560615
0.450 1.000 0.400 0.03502595918754414
0.500 0.050 0.400 0.03481907965579839
0.500 0.100 0.400 0.03461333995914487
0.500 0.150 0.400 0.034408727606176165
0.500 0.200 0.400 0.03420523030970593
0.500 0.250 0.400 0.034002835982341245
0.500 0.300 0.400 0.0338015327321739
0.500 0.350 0.400 0.03360130885858659
0.500 0.400 0.400 0.033402152848175826
0.500 0.450 0.400 0.033204053370774145
0.500 0.500 0.400 0.03300699927558601
0.500 0.550 0.400 0.032810979587420325
0.500 0.600 0.400 0.03261598350302097
0.500 0.650 0.400 0.032422000387496985
0.500 0.700 0.400 0.03222901977083975
0.500 0.750 0.400 0.03203703134453231
0.500 0.800 0.400 0.03184602495824668
0.500 0.850 0.400 0.0316559906166228
0.500 0.900 0.400 0.03146691847612862
0.500 0.950 0.400 0.031278798842002714
0.500 1.000 0.400 0.03109162216527056
0.550 0.050 0.400 0.030905379039835257
0.550 0.100 0.400 0.03072006019964238
0.550 0.150 0.400 0.030535656515913362
0.550 0.200 0.400 0.030352158994446238
0.550 0.250 0.400 0.030169558772984495
0.550 0.300 0.400 0.029987847118648964
0.550 0.350 0.400 0.029807015425430905
0.550 0.400 0.400 0.029627055211745384
0.550 0.450 0.400 0.029447958118046763
0.550 0.500 0.400 0.029269715904496063
0.550 0.550 0.400 0.029092320448688785
0.550 0.600 0.400 0.02891576374343019
0.550 0.650 0.400 0.02874003789457169
0.550 0.700 0.400 0.028565135118887225
0.550 0.750 0.400 0.0283910477420099
0.550 0.800 0.400 0.028217768196408283
0.550 0.850 0.400 0.028045289019412473
0.550 0.900 0.400 0.0278736028512879
0.550 0.950 0.400 0.02770270243334874
0.550 1.000 0.400 0.02753258060611724
0.600 0.050 0.400 0.0273632303075243
0.600 0.100 0.400 0.02719464457114948
0.600 0.150 0.400 0.027026816524502534
0.600 0.200 0.400 0.026859739387341597
0.600 0.250 0.400 0.026693406470030157
0.600 0.300 0.400 0.026527811171928928
0.600 0.350 0.400 0.026362946979825524
0.600 0.400 0.400 0.026198807466395524
0.600 0.450 0.400 0.026035386288700668
0.600 0.500 0.400 0.02587267718671654
0.600 0.550 0.400 0.02571067398189497
0.600 0.600 0.400 0.025549370575755986
0.600 0.650 0.400 0.025388760948509254
0.600 0.700 0.400 0.025228839157707073
0.600 0.750 0.400 0.025069599336925596
0.600 0.800 0.400 0.0249110356944717
0.600 0.850 0.400 0.024753142512120657
0.600 0.900 0.400 0.024595914143878045
0.600 0.950 0.400 0.024439345014768882
0.600 1.000 0.400 0.024283429619650826
0.650 0.050 0.400 0.024128162522053936
0.650 0.100 0.400 0.023973538353040252
0.650 0.150 0.400 0.02381955181009393
0.650 0.200 0.400 0.023666197656026955
0.650 0.250 0.400 0.023513470717912238
0.650 0.300 0.400 0.023361365886035795
0.650 0.350 0.400 0.02320987811286998
0.650 0.400 0.400 0.023059002412071455
0.650 0.450 0.400 0.022908733857492647
0.650 0.500 0.400 0.022759067582219267
0.650 0.550 0.400 0.022609998777623902
0.650 0.600 0.400 0.022461522692437258
0.650 0.650 0.400 0.022313634631843382
0.650 0.700 0.400 0.022166329956584296
0.650 0.750 0.400 0.022019604082089445
0.650 0.800 0.400 0.021873452477620126
0.650 0.850 0.400 0.021727870665427418
0.650 0.900 0.400 0.021582854219931752
0.650 0.950 0.400 0.021438398766913724
0.650 1.000 0.400 0.021294499982722898
0.700 0.050 0.400 0.02115115359350217
0.700 0.100 0.400 0.02100835537442547
0.700 0.150 0.400 0.02086610114894985
0.700 0.200 0.400 0.020724386788083415
0.700 0.250 0.400 0.020583208209667636
0.700 0.300 0.400 0.020442561377667506
0.700 0.350 0.400 0.020302442301484175
0.700 0.400 0.400 0.02016284703527274
0.700 0.450 0.400 0.020023771677275537
0.700 0.500 0.400 0.019885212369168653
0.700 0.550 0.400 0.0197471652954197
0.700 0.600 0.400 0.019609626682655895
0.700 0.650 0.400 0.019472592799047977
0.700 0.700 0.400 0.01933605995369969
0.700 0.750 0.400 0.019200024496052515
0.700 0.800 0.400 0.01906448281530071
0.700 0.850 0.400 0.0189294313398152
0.700 0.900 0.400 0.01879486653657894
0.700 0.950 0.400 0.01866078491063361
0.700 1.000 0.400 0.018527183004532793
0.750 0.050 0.400 0.018394057397808583
0.750 0.100 0.400 0.01826140470644666
0.750 0.150 0.400 0.018129221582367877
0.750 0.200 0.400 0.017997504712922663
0.750 0.250 0.400 0.017866250820394586
0.750 0.300 0.400 0.01773545666150675
0.750 0.350 0.400 0.017605119026945254
0.750 0.400 0.400 0.017475234740883583
0.750 0.450 0.400 0.017345800660520383
0.750 0.500 0.400 0.017216813675621417
0.750 0.550 0.400 0.01708827070807234
0.750 0.600 0.400 0.01696016871143788
0.750 0.650 0.400 0.016832504670528103
0.750 0.700 0.400 0.016705275600972597
0.750 0.750 0.400 0.01657847854880229
0.750 0.800 0.400 0.01645211059003779
0.750 0.850 0.400 0.016326168830285204
0.750 0.900 0.400 0.016200650404335798
0.750 0.950 0.400 0.016075552475779964
0.750 1.000 0.400 0.01595087223661737
0.800 0.050 0.400 0.015826606906882007
0.800 0.100 0.400 0.015702753734268743
0.800 0.150 0.400 0.015579309993768525
0.800 0.200 0.400 0.015456272987308756
0.800 0.250 0.400 0.01533364004339699
0.800 0.300 0.400 0.015211408516776798
0.800 0.350 0.400 0.015089575788082205
0.800 0.400 0.400 0.014968139263503544
0.800 0.450 0.400 0.014847096374452057
0.800 0.500 0.400 0.014726444577238734
0.800 0.550 0.400 0.014606181352750658
0.800 0.600 0.400 0.014486304206135836
0.800 0.650 0.400 0.014366810666493451
0.800 0.700 0.400 0.014247698286566524
0.800 0.750 0.400 0.014128964642444314
0.800 0.800 0.400 0.014010607333262565
0.800 0.850 0.400 0.013892623980914731
0.800 0.900 0.400 0.013775012229765127
0.800 0.950 0.400 0.01365776974636565
0.800 1.000 0.400 0.013540894219178756
0.850 0.050 0.400 0.013424383358303343
0.850 0.100 0.400 0.01330823489520655
0.850 0.150 0.400 0.013192446582457967
0.850 0.200 0.400 0.013077016193469598
0.850 0.250 0.400 0.012961941522236481
0.850 0.300 0.400 0.012847220383087304
0.850 0.350 0.400 0.012732850610433277
0.850 0.400 0.400 0.012618830058522074
0.850 0.450 0.400 0.012505156601198608
0.850 0.500 0.400 0.012391828131664395
0.850 0.550 0.400 0.012278842562246567
0.850 0.600 0.400 0.01216619782416306
0.850 0.650 0.400 0.012053891867299632
0.850 0.700 0.400 0.011941922659982701
0.850 0.750 0.400 0.01183028818876028
0.850 0.800 0.400 0.011718986458184477
0.850 0.850 0.400 0.011608015490597173
0.850 0.900 0.400 0.011497373325919519
0.850 0.950 0.400 0.011387058021445018
0.850 1.000 0.400 0.011277067651632777
0.900 0.050 0.400 0.011167400307907666
0.900 0.100 0.400 0.011058054098460557
0.900 0.150 0.400 0.010949027148053736
0.900 0.200 0.400 0.010840317597826471
0.900 0.250 0.400 0.010731923605105831
0.900 0.300 0.400 0.01062384334321867
0.900 0.350 0.400 0.010516075001307357
0.900 0.400 0.400 0.010408616784147257
0.900 0.450 0.400 0.010301466911968704
0.900 0.500 0.400 0.010194623620277898
0.900 0.550 0.400 0.01008808515968429
0.900 0.600 0.400 0.009981849795728054
0.900 0.650 0.400 0.00987591580870964
0.900 0.700 0.400 0.009770281493526739
0.900 0.750 0.400 0.009664945159503835
0.900 0.800 0.400 0.009559905130233581
0.900 0.850 0.400 0.00945515974341618
0.900 0.900 0.400 0.009350707350701759
0.900 0.950 0.400 0.009246546317532245
0.900 1.000 0.400 0.009142675022992403
0.950 0.050 0.400 0.003830758526320366
0.950 0.100 0.400 0.008935795233428717
0.950 0.150 0.400 0.008832783563421598
0.950 0.200 0.400 0.008730055281784665
0.950 0.250 0.400 0.008627608833573247
0.950 0.300 0.400 0.008525442676606876
0.950 0.350 0.400 0.008423555281327405
0.950 0.400 0.400 0.00832194513066345
0.950 0.450 0.400 0.008220610719895077
0.950 0.500 0.400 0.008119550556517752
0.950 0.550 0.400 0.008018763160112852
0.950 0.600 0.400 0.00791824706221736
0.950 0.650 0.400 0.007818000806193298
0.950 0.700 0.400 0.007718022947103581
0.950 0.750 0.400 0.007618312051585946
0.950 0.800 0.400 0.007518866697730386
0.950 0.850 0.400 0.007419685474955251
0.950 0.900 0.400 0.007320766983890503
0.950 0.950 0.400 0.007222109836256402
0.950 1.000 0.400 0.00712371265474801
1.000 0.050 0.400 0.0018172407395870283
1.000 0.100 0.400 0.006927692735073182
1.000 0.150 0.400 0.00683006729613847
1.000 0.200 0.400 0.006732696421571843
1.000 0.250 0.400 0.006635578787240082
1.000 0.300 0.400 0.006538713079315472
1.000 0.350 0.400 0.006442097994167478
1.000 0.400 0.400 0.006345732238258905
1.000 0.450 0.400 0.0062496145280400706
1.000 0.500 0.400 0.006153743589849631
1.000 0.550 0.400 0.006058118159808418
1.000 0.600 0.400 0.005962736983724015
1.000 0.650 0.400 0.005867598816990088
1.000 0.700 0.400 0.005772702424488213
1.000 0.750 0.400 0.005678046580492785
1.000 0.800 0.400 0.005583630068576262
1.000 0.850 0.400 0.00548945168151399
1.000 0.900 0.400 0.005395510221193611
1.000 0.950 0.400 0.005301804498521218
1.000 1.000 0.400 0.005208333333333343
