0.050 0.050 0.010 0.29034295557838863
0.050 0.100 0.010 0.2573560031148252
0.050 0.150 0.010 0.2380598677255901
0.050 0.200 0.010 0.2243690401947787
0.050 0.250 0.010 0.21374960864542922
0.050 0.300 0.010 0.20507290092539895
0.050 0.350 0.010 0.19773684885975476
0.050 0.400 0.010 0.19138207137036461
0.050 0.450 0.010 0.18577676027818002
0.050 0.500 0.010 0.18076263857805397
0.050 0.550 0.010 0.176226813719859
0.050 0.600 0.010 0.17208593001716924
0.050 0.650 0.010 0.1682766862411517
0.050 0.700 0.010 0.16474987734481186
0.050 0.750 0.010 0.16146649679565692
0.050 0.800 0.010 0.15839509939700175
0.050 0.850 0.010 0.15550996501119876
0.050 0.900 0.010 0.15278978794624132
0.050 0.950 0.010 0.15021672116767562
0.050 1.000 0.010 0.1477756659579675
0.100 0.050 0.010 0.14024540173328273
0.100 0.100 0.010 0.13803150752982513
0.100 0.150 0.010 0.13591604178090433
0.100 0.200 0.010 0.13389062362936532
0.100 0.250 0.010 0.131947899054152
0.100 0.300 0.010 0.13008137968558098
0.100 0.350 0.010 0.1282853120568034
0.100 0.400 0.010 0.12655457064513193
0.100 0.450 0.010 0.1248845696907524
0.100 0.500 0.010 0.12327118997085032
0.100 0.550 0.010 0.12171071758498875
0.100 0.600 0.010 0.12019979246253329
0.100 0.650 0.010 0.11873536479594193
0.100 0.700 0.010 0.11731465797983215
0.100 0.750 0.010 0.11593513692353863
0.100 0.800 0.010 0.11459448082863435
0.100 0.850 0.010 0.11329055969708521
0.100 0.900 0.010 0.1120214139728197
0.100 0.950 0.010 0.11078523682820365
0.100 1.000 0.010 0.10958035869351626
0.150 0.050 0.010 0.10840523369701091
0.150 0.100 0.010 0.10725842773914199
0.150 0.150 0.010 0.10613860797030455
0.150 0.200 0.010 0.10504453347834267
0.150 0.250 0.010 0.10397504702267579
0.150 0.300 0.010 0.10292906767702761
0.150 0.350 0.010 0.10190558426340471
0.150 0.400 0.010 0.1009036494774273
0.150 0.450 0.010 0.09992237461945494
0.150 0.500 0.010 0.0989609248579697
0.150 0.550 0.010 0.0980185149621145
0.150 0.600 0.010 0.09709440544853304
0.150 0.650 0.010 0.0961878990953445
0.150 0.700 0.010 0.09529833778189725
0.150 0.750 0.010 0.09442509961855133
0.150 0.800 0.010 0.09356759633505449
0.150 0.850 0.010 0.09272527090010996
0.150 0.900 0.010 0.09189759534791292
0.150 0.950 0.010 0.09108406879055789
0.150 1.000 0.010 0.09028421559742197
0.200 0.050 0.010 0.09470591705838935
0.200 0.100 0.010 0.09393207651626531
0.200 0.150 0.010 0.09317061795519632
0.200 0.200 0.010 0.09242115136695842
0.200 0.250 0.010 0.09168330488473833
0.200 0.300 0.010 0.09095672367513574
0.200 0.350 0.010 0.09024106891352895
0.200 0.400 0.010 0.08953601683527146
0.200 0.450 0.010 0.08884125785623884
0.200 0.500 0.010 0.08815649575657378
0.200 0.550 0.010 0.08748144692239848
0.200 0.600 0.010 0.08681583964050327
0.200 0.650 0.010 0.08615941344171948
0.200 0.700 0.010 0.08551191848892647
0.200 0.750 0.010 0.08487311500620195
0.200 0.800 0.010 0.08424277274568223
0.200 0.850 0.010 0.08362067048937796
0.200 0.900 0.010 0.08300659558305509
0.200 0.950 0.010 0.08240034349983302
0.200 1.000 0.010 0.08180171743125547
0.250 0.050 0.010 0.08121052790372171
0.250 0.100 0.010 0.08062659241846806
0.250 0.150 0.010 0.0800497351133918
0.250 0.200 0.010 0.07947978644508821
0.250 0.250 0.010 0.07891658288973405
0.250 0.300 0.010 0.07835996666145786
0.250 0.350 0.010 0.07780978544696443
0.250 0.400 0.010 0.07726589215537286
0.250 0.450 0.010 0.07672814468213943
0.250 0.500 0.010 0.0761964056862112
0.250 0.550 0.010 0.07567054237946366
0.250 0.600 0.010 0.07515042632765026
0.250 0.650 0.010 0.0746359332621391
0.250 0.700 0.010 0.07412694290165925
0.250 0.750 0.010 0.07362333878356392
0.250 0.800 0.010 0.07312500810382941
0.250 0.850 0.010 0.07263184156544744
0.250 0.900 0.010 0.07214373323448722
0.250 0.950 0.010 0.07166058040355883
0.250 1.000 0.010 0.07118228346208705
0.300 0.050 0.010 0.07070874577303676
0.300 0.100 0.010 0.07023987355573791
0.300 0.150 0.010 0.06977557577441024
0.300 0.200 0.010 0.0693157640320701
0.300 0.250 0.010 0.06886035246953132
0.300 0.300 0.010 0.06840925766917158
0.300 0.350 0.010 0.06796239856323472
0.300 0.400 0.010 0.06751969634637423
0.300 0.450 0.010 0.06708107439227365
0.300 0.500 0.010 0.06664645817401468
0.300 0.550 0.010 0.06621577518809696
0.300 0.600 0.010 0.06578895488182729
0.300 0.650 0.010 0.06536592858399146
0.300 0.700 0.010 0.06494662943849638
0.300 0.750 0.010 0.06453099234099474
0.300 0.800 0.010 0.06411895387819949
0.300 0.850 0.010 0.06371045226984023
0.300 0.900 0.010 0.06330542731302147
0.300 0.950 0.010 0.06290382032904487
0.300 1.000 0.010 0.06250557411231902
0.350 0.050 0.010 0.062110632881511446
0.350 0.100 0.010 0.06171894223263433
0.350 0.150 0.010 0.06133044909407581
0.350 0.200 0.010 0.06094510168342837
0.350 0.250 0.010 0.060562849466102575
0.350 0.300 0.010 0.0601836431155042
0.350 0.350 0.010 0.059807434474885235
0.350 0.400 0.010 0.05943417652061919
0.350 0.450 0.010 0.05906382332692006
0.350 0.500 0.010 0.05869633003195776
0.350 0.550 0.010 0.05833165280520425
0.350 0.600 0.010 0.05796974881611
0.350 0.650 0.010 0.057610576203888014
0.350 0.700 0.010 0.057254094048444226
0.350 0.750 0.010 0.05690026234244411
0.350 0.800 0.010 0.05654904196430319
0.350 0.850 0.010 0.056200394652319074
0.350 0.900 0.010 0.0558542829795573
0.350 0.950 0.010 0.0555106703298163
0.350 1.000 0.010 0.055169520874344846
0.400 0.050 0.010 0.049622466216093675
0.400 0.100 0.010 0.04928613870144202
0.400 0.150 0.010 0.04895217139928948
0.400 0.200 0.010 0.048620531414303
0.400 0.250 0.010 0.04829118653407802
0.400 0.300 0.010 0.04796410521041697
0.400 0.350 0.010 0.04763925654115145
0.400 0.400 0.010 0.04731661025266201
0.400 0.450 0.010 0.04699613668291283
0.400 0.500 0.010 0.04667780676510544
0.400 0.550 0.010 0.046361592011850056
0.400 0.600 0.010 0.04604746449988173
0.400 0.650 0.010 0.04573539685524561
0.400 0.700 0.010 0.045425362238995376
0.400 0.750 0.010 0.04511733433333359
0.400 0.800 0.010 0.044811287328207494
0.400 0.850 0.010 0.04450719590833821
0.400 0.900 0.010 0.044205035240632906
0.400 0.950 0.010 0.043904780962064655
0.400 1.000 0.010 0.043606409167812
0.450 0.050 0.010 0.04330989639991695
0.450 0.100 0.010 0.04301521963613797
0.450 0.150 0.010 0.04272235627930385
0.450 0.200 0.010 0.042431284146846465
0.450 0.250 0.010 0.04214198146076509
0.450 0.300 0.010 0.041854426837827946
0.450 0.350 0.010 0.0415685992800815
0.450 0.400 0.010 0.041284478165676014
0.450 0.450 0.010 0.041002043239905
0.450 0.500 0.010 0.04072127460656444
0.450 0.550 0.010 0.04044215271953769
0.450 0.600 0.010 0.04016465837461769
0.450 0.650 0.010 0.03988877270159055
0.450 0.700 0.010 0.03961447715653854
0.450 0.750 0.010 0.03934175351434549
0.450 0.800 0.010 0.03907058386144177
0.450 0.850 0.010 0.03880095058874594
0.450 0.900 0.010 0.03853283638478275
0.450 0.950 0.010 0.03826622422905218
0.450 1.000 0.010 0.03800109738550386
0.500 0.050 0.010 0.03773743939626248
0.500 0.100 0.010 0.037475234075479535
0.500 0.150 0.010 0.03721446550338062
0.500 0.200 0.010 0.03695511802046028
0.500 0.250 0.010 0.03669717622184657
0.500 0.300 0.010 0.036440624951812134
0.500 0.350 0.010 0.03618544929839557
0.500 0.400 0.010 0.03593163458826232
0.500 0.450 0.010 0.035679166381589716
0.500 0.500 0.010 0.03542803046716131
0.500 0.550 0.010 0.03517821285755471
0.500 0.600 0.010 0.034929699784483736
0.500 0.650 0.010 0.03468247769422941
0.500 0.700 0.010 0.034436533243218825
0.500 0.750 0.010 0.03419185329366861
0.500 0.800 0.010 0.033948424909434366
0.500 0.850 0.010 0.033706235351844555
0.500 0.900 0.010 0.033465272075739266
0.500 0.950 0.010 0.03322552272556634
0.500 1.000 0.010 0.03298697513155599
0.550 0.050 0.010 0.03274961730604761
0.550 0.100 0.010 0.03251343743984725
0.550 0.150 0.010 0.03227842389872332
0.550 0.200 0.010 0.03204456521994223
0.550 0.250 0.010 0.03181185010895102
0.550 0.300 0.010 0.0315802674360591
0.550 0.350 0.010 0.03134980623327921
0.550 0.400 0.010 0.031120455691212134
0.550 0.450 0.010 0.03089220515595878
0.550 0.500 0.010 0.030665044126214486
0.550 0.550 0.010 0.030438962250316476
0.550 0.600 0.010 0.030213949323442096
0.550 0.650 0.010 0.02998999528484078
0.550 0.700 0.010 0.02976709021513771
0.550 0.750 0.010 0.029545224333670433
0.550 0.800 0.010 0.029324387995953494
0.550 0.850 0.010 0.029104571691144526
0.550 0.900 0.010 0.028885766039571742
0.550 0.950 0.010 0.028667961790362906
0.550 1.000 0.010 0.028451149819072735
0.600 0.050 0.010 0.02823532112540547
0.600 0.100 0.010 0.02802046683095552
0.600 0.150 0.010 0.027806578177036606
0.600 0.200 0.010 0.027593646522525578
0.600 0.250 0.010 0.027381663341780077
0.600 0.300 0.010 0.027170620222567526
0.600 0.350 0.010 0.02696050886408438
0.600 0.400 0.010 0.02675132107498754
0.600 0.450 0.010 0.0265430487714797
0.600 0.500 0.010 0.026335683975437035
0.600 0.550 0.010 0.02612921881257374
0.600 0.600 0.010 0.025923645510628313
0.600 0.650 0.010 0.02571895639766933
0.600 0.700 0.010 0.02551514390028964
0.600 0.750 0.010 0.02531220054199515
0.600 0.800 0.010 0.025110118941525345
0.600 0.850 0.010 0.024908891811263212
0.600 0.900 0.010 0.024708511955635948
0.600 0.950 0.010 0.024508972269573187
0.600 1.000 0.010 0.024310265737028852
0.650 0.050 0.010 0.024112385429448713
0.650 0.100 0.010 0.02391532450437092
0.650 0.150 0.010 0.023719076203965184
0.650 0.200 0.010 0.023523633853674175
0.650 0.250 0.010 0.02332899086083015
0.650 0.300 0.010 0.023135140713325675
0.650 0.350 0.010 0.02294207697831374
0.650 0.400 0.010 0.02274979330091681
0.650 0.450 0.010 0.02255828340298946
0.650 0.500 0.010 0.022367541081857234
0.650 0.550 0.010 0.022177560209132835
0.650 0.600 0.010 0.02198833472955314
0.650 0.650 0.010 0.02179985865976658
0.650 0.700 0.010 0.021612126087255185
0.650 0.750 0.010 0.0214251311691879
0.650 0.800 0.010 0.021238868131336214
0.650 0.850 0.010 0.02105333126701059
0.650 0.900 0.010 0.020868514936009885
0.650 0.950 0.010 0.020684413563590354
0.650 1.000 0.010 0.020501021639445283
0.700 0.050 0.010 0.020318333716736026
0.700 0.100 0.010 0.0201363444111142
0.700 0.150 0.010 0.01995504839976378
0.700 0.200 0.010 0.01977444042046586
0.700 0.250 0.010 0.019594515270701524
0.700 0.300 0.010 0.019415267806713266
0.700 0.350 0.010 0.019236692942667583
0.700 0.400 0.010 0.0190587856497616
0.700 0.450 0.010 0.018881540955384912
0.700 0.500 0.010 0.01870495394227592
0.700 0.550 0.010 0.018529019747697995
0.700 0.600 0.010 0.018353733562671504
0.700 0.650 0.010 0.018179090631147726
0.700 0.700 0.010 0.018005086249245045
0.700 0.750 0.010 0.017831715764481226
0.700 0.800 0.010 0.017658974575062075
0.700 0.850 0.010 0.01748685812909398
0.700 0.900 0.010 0.017315361923920025
0.700 0.950 0.010 0.017144481505359688
0.700 1.000 0.010 0.016974212467067346
0.750 0.050 0.010 0.016804550449802447
0.750 0.100 0.010 0.016635491140787856
0.750 0.150 0.010 0.016467030273061956
0.750 0.200 0.010 0.016299163624794027
0.750 0.250 0.010 0.016131887018679653
0.750 0.300 0.010 0.015965196321317626
0.750 0.350 0.010 0.015799087442585708
0.750 0.400 0.010 0.015633556335026527
0.750 0.450 0.010 0.015468598993288701
0.750 0.500 0.010 0.015304211453514072
0.750 0.550 0.010 0.01514038979279364
0.750 0.600 0.010 0.014977130128583371
0.750 0.650 0.010 0.014814428618154879
0.750 0.700 0.010 0.014652281458064853
0.750 0.750 0.010 0.0144906848836249
0.750 0.800 0.010 0.014329635168340737
0.750 0.850 0.010 0.014169128623449406
0.750 0.900 0.010 0.014009161597372366
0.750 0.950 0.010 0.013849730475233635
0.750 1.000 0.010 0.013690831678362436
0.800 0.050 0.010 0.013532461663817746
0.800 0.100 0.010 0.013374616923920002
0.800 0.150 0.010 0.013217293985765072
0.800 0.200 0.010 0.013060489410780446
0.800 0.250 0.010 0.012904199794279841
0.800 0.300 0.010 0.012748421764988749
0.800 0.350 0.010 0.012593151984666151
0.800 0.400 0.010 0.012438387147597013
0.800 0.450 0.010 0.012284123980249556
0.800 0.500 0.010 0.012130359240808797
0.800 0.550 0.010 0.011977089718770956
0.800 0.600 0.010 0.011824312234572254
0.800 0.650 0.010 0.01167202363915043
0.800 0.700 0.010 0.011520220813604848
0.800 0.750 0.010 0.01136890066875551
0.800 0.800 0.010 0.011218060144815578
0.800 0.850 0.010 0.011067696211007172
0.800 0.900 0.010 0.010917805865177682
0.800 0.950 0.010 0.010768386133445301
0.800 1.000 0.010 0.010619434069867373
0.850 0.050 0.010 0.010470946756077348
0.850 0.100 0.010 0.010322921300929155
0.850 0.150 0.010 0.01017535484016971
0.850 0.200 0.010 0.010028244536120334
0.850 0.250 0.010 0.009881587577332457
0.850 0.300 0.010 0.00973538117826761
0.850 0.350 0.010 0.00958962257897561
0.850 0.400 0.010 0.0094443090448042
0.850 0.450 0.010 0.009299437866057997
0.850 0.500 0.010 0.009155006357729867
0.850 0.550 0.010 0.009011011859170776
0.850 0.600 0.010 0.00886745173381101
0.850 0.650 0.010 0.00872432336887366
0.850 0.700 0.010 0.008581624175093922
0.850 0.750 0.010 0.00843935158641193
0.850 0.800 0.010 0.008297503059731204
0.850 0.850 0.010 0.008156076074605972
0.850 0.900 0.010 0.008015068133012865
0.850 0.950 0.010 0.007874476759060972
0.850 1.000 0.010 0.007734299498736219
0.900 0.050 0.010 0.007594533919654312
0.900 0.100 0.010 0.007455177610784541
0.900 0.150 0.010 0.007316228182224882
0.900 0.200 0.010 0.007177683264950607
0.900 0.250 0.010 0.007039540510550751
0.900 0.300 0.010 0.0069017975910196094
0.900 0.350 0.010 0.006764452198506271
0.900 0.400 0.010 0.006627502045074729
0.900 0.450 0.010 0.0064909448624898
0.900 0.500 0.010 0.006354778401998384
0.900 0.550 0.010 0.006219000434070754
0.900 0.600 0.010 0.006083608748222197
0.900 0.650 0.010 0.005948601152777372
0.900 0.700 0.010 0.005813975474662225
0.900 0.750 0.010 0.00567972955918325
0.900 0.800 0.010 0.005545861269845298
0.900 0.850 0.010 0.005412368488122932
0.900 0.900 0.010 0.005279249113271739
0.900 0.950 0.010 0.005146501062116504
0.900 1.000 0.010 0.005014122268887089
0.950 0.050 0.010 0.004882110684988367
0.950 0.100 0.010 0.004750464278821365
0.950 0.150 0.010 0.004619181035616898
0.950 0.200 0.010 0.004488258957222907
0.950 0.250 0.010 0.004357696061933675
0.950 0.300 0.010 0.004227490384316551
0.950 0.350 0.010 0.004097639975014528
0.950 0.400 0.010 0.003968142900596272
0.950 0.450 0.010 0.0038389972433657826
0.950 0.500 0.010 0.0037102011011930225
0.950 0.550 0.010 0.0035817525873632072
0.950 0.600 0.010 0.0034536498303769647
0.950 0.650 0.010 0.003325890973818607
0.950 0.700 0.010 0.003198474176187599
0.950 0.750 0.010 0.00307139761072861
0.950 0.800 0.010 0.0029446594652906277
0.950 0.850 0.010 0.0028182579421438536
0.950 0.900 0.010 0.00269219125785905
0.950 0.950 0.010 0.0025664576431436714
0.950 1.000 0.010 0.0024410553426811588
1.000 0.050 0.010 0.0023159826150048746
1.000 0.100 0.010 0.0021912377323350662
1.000 0.150 0.010 0.0020668189804494697
1.000 0.200 0.010 0.0019427246585300983
1.000 0.250 0.010 0.0018189530790346797
1.000 0.300 0.010 0.0016955025675498558
1.000 0.350 0.010 0.0015723714626647012
1.000 0.400 0.010 0.001449558115822508
1.000 0.450 0.010 0.0013270608911870596
1.000 0.500 0.010 0.001204878165560197
1.000 0.550 0.010 0.001083008328174151
1.000 0.600 0.010 9.614497806222644E-4
1.000 0.650 0.010 8.402009367084462E-4
1.000 0.700 0.010 7.192602223359268E-4
1.000 0.750 0.010 5.986260753702011E-4
1.000 0.800 0.010 4.7829694554218927E-4
1.000 0.850 0.010 3.5827129429252813E-4
1.000 0.900 0.010 2.3854759468522335E-4
1.000 0.950 0.010 1.1912433127458932E-4
1.000 1.000 0.010 0.0
