0.050 0.050 14.093515738949836
0.050 0.100 15.093594806938196
0.050 0.150 15.678603716662703
0.050 0.200 16.09367419194007
0.050 0.250 16.415627886152063
0.050 0.300 16.678683219300527
0.050 0.350 16.90109334101842
0.050 0.400 17.0937537559471
0.050 0.450 17.263692288433504
0.050 0.500 17.415707487842457
0.050 0.550 17.553221964263177
0.050 0.600 17.678762846483455
0.050 0.650 17.79424926401378
0.050 0.700 17.901172986595324
0.050 0.750 18.000716591391097
0.050 0.800 18.093833415422107
0.050 0.850 18.18130322672893
0.050 0.900 18.263771958779603
0.050 0.950 18.34178068749203
0.050 1.000 18.415787166924453
0.100 0.050 18.4861821051753
0.100 0.100 18.553301650518698
0.100 0.150 18.61743709973544
0.100 0.200 18.678842538734852
0.100 0.250 18.73774092241196
0.100 0.300 18.794328961351432
0.100 0.350 18.848781085785056
0.100 0.400 18.901252688301994
0.100 0.450 18.951882797277364
0.100 0.500 19.000796296891288
0.100 0.550 19.048105782997887
0.100 0.600 19.09391312424696
0.100 0.650 19.138310782913937
0.100 0.700 19.181382938491485
0.100 0.750 19.2232064483708
0.100 0.800 19.263851673156744
0.100 0.850 19.303383188879828
0.100 0.900 19.341860404211157
0.100 0.950 19.379338097490695
0.100 1.000 19.41586688575353
0.150 0.050 19.451493635832158
0.150 0.100 19.486261825915065
0.150 0.150 19.52021186455446
0.150 0.200 19.553381372996917
0.150 0.250 19.585805435783286
0.150 0.300 19.61751682380212
0.150 0.350 19.648546193354463
0.150 0.400 19.678922264258624
0.150 0.450 19.70867197958881
0.150 0.500 19.737820649277104
0.150 0.550 19.76639207949185
0.150 0.600 19.79440868945552
0.150 0.650 19.82189161713196
0.150 0.700 19.848860815036904
0.150 0.750 19.87533513725553
0.150 0.800 19.901332418620147
0.150 0.850 19.92686954687874
0.150 0.900 19.951962528588776
0.150 0.950 19.976626549375844
0.150 1.000 20.000876029130072
0.200 0.050 20.024724672639493
0.200 0.100 20.048185516104613
0.200 0.150 20.071270969933874
0.200 0.200 20.093992858167752
0.200 0.250 20.116362454846083
0.200 0.300 20.138390517599678
0.200 0.350 20.160087318714595
0.200 0.400 20.1814626738974
0.200 0.450 20.202525968937916
0.200 0.500 20.22328618445595
0.200 0.550 20.24375191889063
0.200 0.600 20.2639314098836
0.200 0.650 20.283832554186276
0.200 0.700 20.30346292621387
0.200 0.750 20.322829795352103
0.200 0.800 20.34194014212059
0.200 0.850 20.36080067327652
0.200 0.900 20.379417835946175
0.200 0.950 20.39779783085551
0.200 1.000 20.41594662472781
0.250 0.050 20.433869961912517
0.250 0.100 20.451573375300065
0.250 0.150 20.46906219657448
0.250 0.200 20.486341565853223
0.250 0.250 20.50341644075561
0.250 0.300 20.520291604941104
0.250 0.350 20.536971676154806
0.250 0.400 20.553461113811736
0.250 0.450 20.56976422615406
0.250 0.500 20.58588517700723
0.250 0.550 20.601827992163685
0.250 0.600 20.617596565417546
0.250 0.650 20.633194664272274
0.250 0.700 20.64862593534486
0.250 0.750 20.663893909481487
0.250 0.800 20.679002006608357
0.250 0.850 20.693953540328025
0.250 0.900 20.708751722283246
0.250 0.950 20.723399666296398
0.250 1.000 20.73790039230245
0.300 0.050 20.752256830086324
0.300 0.100 20.766471822835346
0.300 0.150 20.78054813051888
0.300 0.200 20.794488433104807
0.300 0.250 20.808295333621547
0.300 0.300 20.82197136107563
0.300 0.350 20.83551897323171
0.300 0.400 20.848940559264044
0.300 0.450 20.86223844228433
0.300 0.500 20.87541488175594
0.300 0.550 20.888472075797456
0.300 0.600 20.90141216338403
0.300 0.650 20.914237226449238
0.300 0.700 20.92694929189688
0.300 0.750 20.93955033352235
0.300 0.800 20.95204227385248
0.300 0.850 20.964426985905252
0.300 0.900 20.976706294876724
0.300 0.950 20.988881979753238
0.300 1.000 21.000955774860348
0.350 0.050 21.012929371343763
0.350 0.100 21.024804418591653
0.350 0.150 21.03658252559801
0.350 0.200 21.048265262271478
0.350 0.250 21.059854160690087
0.350 0.300 21.071350716308572
0.350 0.350 21.082756389114962
0.350 0.400 21.094072604743975
0.350 0.450 21.105300755546637
0.350 0.500 21.116442201617588
0.350 0.550 21.12749827178506
0.350 0.600 21.13847026456052
0.350 0.650 21.149359449054742
0.350 0.700 21.16016706585913
0.350 0.750 21.170894327892572
0.350 0.800 21.18154242122031
0.350 0.850 21.192112505838185
0.350 0.900 21.202605716434036
0.350 0.950 21.213023163116375
0.350 1.000 21.223365932120256
0.400 0.050 21.233635086486842
0.400 0.100 21.24383166671847
0.400 0.150 21.25395669141253
0.400 0.200 21.26401115787042
0.400 0.250 21.273996042688925
0.400 0.300 21.28391230232778
0.400 0.350 21.2937608736608
0.400 0.400 21.303542674505813
0.400 0.450 21.313258604139012
0.400 0.500 21.322909543790537
0.400 0.550 21.33249635712436
0.400 0.600 21.342019890701636
0.400 0.650 21.35148097442987
0.400 0.700 21.360880421996484
0.400 0.750 21.370219031289018
0.400 0.800 21.37949758480151
0.400 0.850 21.388716850027723
0.400 0.900 21.3978775798428
0.400 0.950 21.40698051287069
0.400 1.000 21.416026373843746
0.450 0.050 21.425015873946574
0.450 0.100 21.43394971115398
0.450 0.150 21.44282857055374
0.450 0.200 21.45165312466394
0.450 0.250 21.46042403373723
0.450 0.300 21.469141946057878
0.450 0.350 21.47780749822952
0.450 0.400 21.486421315453292
0.450 0.450 21.494984011799506
0.450 0.500 21.503496190469594
0.450 0.550 21.511958444051256
0.450 0.600 21.520371354766368
0.450 0.650 21.528735494711004
0.450 0.700 21.53705142608878
0.450 0.750 21.545319701438075
0.450 0.800 21.55354086385198
0.450 0.850 21.56171544719229
0.450 0.900 21.56984397629816
0.450 0.950 21.577926967187114
0.450 1.000 21.585964927252913
0.500 0.050 21.593958355455758
0.500 0.100 21.60190774250871
0.500 0.150 21.609813571058147
0.500 0.200 21.617676315859764
0.500 0.250 21.625496443949434
0.500 0.300 21.6332744148096
0.500 0.350 21.641010680532357
0.500 0.400 21.64870568597526
0.500 0.450 21.65635986891637
0.500 0.500 21.66397366020301
0.500 0.550 21.671547483897648
0.500 0.600 21.679081757419105
0.500 0.650 21.686576891681074
0.500 0.700 21.694033291226177
0.500 0.750 21.701451354358014
0.500 0.800 21.708831473267022
0.500 0.850 21.71617403415677
0.500 0.900 21.723479417364054
0.500 0.950 21.730747997477255
0.500 1.000 21.73798014345231
0.550 0.050 21.745176218724083
0.550 0.100 21.752336581316783
0.550 0.150 21.759461583950216
0.550 0.200 21.766551574144817
0.550 0.250 21.77360689432221
0.550 0.300 21.780627881905826
0.550 0.350 21.787614869416664
0.550 0.400 21.79456818456775
0.550 0.450 21.801488150357745
0.550 0.500 21.80837508515904
0.550 0.550 21.81522930280727
0.550 0.600 21.822051112686268
0.550 0.650 21.828840819811955
0.550 0.700 21.835598724914124
0.550 0.750 21.84232512451716
0.550 0.800 21.849020311016908
0.550 0.850 21.85568457275751
0.550 0.900 21.86231819410635
0.550 0.950 21.868921455525946
0.550 1.000 21.875494633645875
0.600 0.050 21.88203800133182
0.600 0.100 21.888551827754075
0.600 0.150 21.895036378453348
0.600 0.200 21.901491915406144
0.600 0.250 21.90791869708788
0.600 0.300 21.91431697853569
0.600 0.350 21.920687011408468
0.600 0.400 21.92702904404654
0.600 0.450 21.933343321529737
0.600 0.500 21.93963008573413
0.600 0.550 21.945889575387696
0.600 0.600 21.952122026125302
0.600 0.650 21.958327670540058
0.600 0.700 21.964506738238082
0.600 0.750 21.970659455887333
0.600 0.800 21.976786047268536
0.600 0.850 21.98288673332339
0.600 0.900 21.988961732203045
0.600 0.950 21.995011259314854
0.600 1.000 22.00103552736719
0.650 0.050 22.00703474641589
0.650 0.100 22.0130091239067
0.650 0.150 22.01895886471955
0.650 0.200 22.02488417120976
0.650 0.250 22.03078524324995
0.650 0.300 22.036662278270384
0.650 0.350 22.042515471298334
0.650 0.400 22.048345014997253
0.650 0.450 22.054151099704267
0.650 0.500 22.059933913468424
0.650 0.550 22.065693642086572
0.650 0.600 22.071430469138622
0.650 0.650 22.07714457602432
0.650 0.700 22.082836141995916
0.650 0.750 22.08850534419293
0.650 0.800 22.09415235767504
0.650 0.850 22.099777355454304
0.650 0.900 22.105380508527034
0.650 0.950 22.11096198590504
0.650 1.000 22.116521954646565
0.700 0.050 22.12206057988567
0.700 0.100 22.127578024861865
0.700 0.150 22.133074450949167
0.700 0.200 22.13855001768444
0.700 0.250 22.1440048827946
0.700 0.300 22.149439202225068
0.700 0.350 22.154853130165158
0.700 0.400 22.16024681907517
0.700 0.450 22.165620419711782
0.700 0.500 22.17097408115365
0.700 0.550 22.176307950826367
0.700 0.600 22.181622174525756
0.700 0.650 22.186916896442913
0.700 0.700 22.19219225918736
0.700 0.750 22.197448403810323
0.700 0.800 22.2026854698263
0.700 0.850 22.207903595236925
0.700 0.900 22.21310291655111
0.700 0.950 22.218283568808094
0.700 1.000 22.223445685596868
0.750 0.050 22.228589399078334
0.750 0.100 22.233714840004737
0.750 0.150 22.238822137739316
0.750 0.200 22.24391142027706
0.750 0.250 22.248982814263027
0.750 0.300 22.254036445011252
0.750 0.350 22.259072436523663
0.750 0.400 22.264090911508696
0.750 0.450 22.269091991398245
0.750 0.500 22.274075796366233
0.750 0.550 22.279042445345116
0.750 0.600 22.283992056043584
0.750 0.650 22.28892474496322
0.750 0.700 22.29384062741459
0.750 0.750 22.298739817533306
0.750 0.800 22.303622428297032
0.750 0.850 22.308488571539524
0.750 0.900 22.313338357967194
0.750 0.950 22.318171897173734
0.750 1.000 22.32298929765518
0.800 0.050 22.32779066682434
0.800 0.100 22.332576111024988
0.800 0.150 22.33734573554659
0.800 0.200 22.342099644637774
0.800 0.250 22.346837941519816
0.800 0.300 22.35156072840104
0.800 0.350 22.35626810648828
0.800 0.400 22.360960176002262
0.800 0.450 22.365637036188005
0.800 0.500 22.37029878532895
0.800 0.550 22.374945520759265
0.800 0.600 22.379577338875105
0.800 0.650 22.384194335147885
0.800 0.700 22.388796604134612
0.800 0.750 22.393384239491226
0.800 0.800 22.39795733398255
0.800 0.850 22.40251597949393
0.800 0.900 22.40706026704287
0.800 0.950 22.41159028678977
0.800 1.000 22.416106128047993
0.850 0.050 22.42060787929486
0.850 0.100 22.425095628182444
0.850 0.150 22.42956946154749
0.850 0.200 22.434029465421073
0.850 0.250 22.43847572503904
0.850 0.300 22.442908324851714
0.850 0.350 22.447327348533648
0.850 0.400 22.451732878992416
0.850 0.450 22.456124998378982
0.850 0.500 22.46050378809581
0.850 0.550 22.4648693288069
0.850 0.600 22.46922170044622
0.850 0.650 22.473560982226413
0.850 0.700 22.47788725264729
0.850 0.750 22.482200589505144
0.850 0.800 22.486501069900083
0.850 0.850 22.490788770245505
0.850 0.900 22.495063766275017
0.850 0.950 22.499326133051223
0.850 1.000 22.503575944973484
0.900 0.050 22.507813275785402
0.900 0.100 22.512038198583188
0.900 0.150 22.51625078582249
0.900 0.200 22.520451109326007
0.900 0.250 22.524639240291492
0.900 0.300 22.52881524929805
0.900 0.350 22.532979206313748
0.900 0.400 22.537131180702893
0.900 0.450 22.541271241232508
0.900 0.500 22.545399456078968
0.900 0.550 22.549515892835846
0.900 0.600 22.55362061851932
0.900 0.650 22.557713699575324
0.900 0.700 22.561795201885833
0.900 0.750 22.565865190775583
0.900 0.800 22.56992373101758
0.900 0.850 22.57397088684004
0.900 0.900 22.578006721932095
0.900 0.950 22.58203129945023
0.900 1.000 22.58604468202325
0.950 0.050 22.59004693175926
0.950 0.100 22.594038110251088
0.950 0.150 22.59801827858132
0.950 0.200 22.601987497328764
0.950 0.250 22.605945826573606
0.950 0.300 22.60989332590268
0.950 0.350 22.61383005441545
0.950 0.400 22.61775607072855
0.950 0.450 22.621671432981564
0.950 0.500 22.625576198842154
0.950 0.550 22.629470425510632
0.950 0.600 22.633354169726015
0.950 0.650 22.63722748777003
0.950 0.700 22.641090435472204
0.950 0.750 22.64494306821504
0.950 0.800 22.64878544093826
0.950 0.850 22.652617608144386
0.950 0.900 22.65643962390238
0.950 0.950 22.660251541852613
0.950 1.000 22.664053415211743
1.000 0.050 22.667845296776537
1.000 0.100 22.671627238928803
1.000 0.150 22.675399293639327
1.000 0.200 22.67916151247251
1.000 0.250 22.682913946590272
1.000 0.300 22.68665664675649
1.000 0.350 22.69038966334085
1.000 0.400 22.69411304632332
1.000 0.450 22.69782684529823
1.000 0.500 22.701531109476747
1.000 0.550 22.70522588769318
1.000 0.600 22.70891122840709
1.000 0.650 22.712587179707832
1.000 0.700 22.716253789317953
1.000 0.750 22.71991110459733
1.000 0.800 22.72355917254611
1.000 0.850 22.727198039809434
1.000 0.900 22.73082775268005
1.000 0.950 22.73444835710235
1.000 1.000 22.738059898675566
