(0.01 30.0 0.5)(17.088997910082806 151.0)
(0.01,30.0,0.5)(97.68420867383777 5.0)
(0.01,30.0,0.5)(88.0837117168855 44.0)
(0.01,30.0,0.5)(57.880526586953884 75.0)
(0.01,30.0,0.5)(32.67522055077918 111.0)
(0.01,30.0,0.5)(23.009707400056804 131.0)
(0.01,30.0,0.5)(19.39733712453092 137.0)
(0.01,30.0,0.5)(18.719388421270782 139.0)
(0.01,30.0,0.5)(18.360653378624804 140.0)
(0.01,30.0,0.5)(17.911946417157488 144.0)
(0.01,30.0,0.5)(17.7487746624327 145.0)
(0.01,30.0,0.5)(16.746482506170562 146.0)
(0.01,30.0,0.5)(16.5250676509538 147.0)
(0.01,30.0,0.5)(16.61696060819969 148.0)
(0.01,30.0,0.5)(16.947661731505754 149.0)
(0.01,30.0,0.5)(18.15380779663785 150.0)
(0.01,30.0,0.5)(18.038447519971534 149.0)
(0.01,30.0,0.5)(18.387888617235625 151.0)
(0.01,30.0,0.5)(18.54769131198074 152.0)
(0.01 30.0 0.55)(16.576154528539703 152.0)
(0.01,30.0,0.55)(97.68420867383777 5.0)
(0.01,30.0,0.55)(86.44169920525775 56.0)
(0.01,30.0,0.55)(52.20873467897373 91.0)
(0.01,30.0,0.55)(25.013133556180325 126.0)
(0.01,30.0,0.55)(19.877999966352526 134.0)
(0.01,30.0,0.55)(18.697776101059965 138.0)
(0.01,30.0,0.55)(18.172670510413013 140.0)
(0.01,30.0,0.55)(17.744948725427506 144.0)
(0.01,30.0,0.55)(16.507547140303124 146.0)
(0.01,30.0,0.55)(16.907128245502 148.0)
(0.01,30.0,0.55)(18.030640930518256 149.0)
(0.01,30.0,0.55)(18.15380779663785 150.0)
(0.01,30.0,0.55)(18.038447519971534 149.0)
(0.01,30.0,0.55)(18.387888617235625 151.0)
(0.01,30.0,0.55)(18.54769131198074 152.0)
(0.01 30.0 0.6000000000000001)(17.088997910082806 151.0)
(0.01,30.0,0.6000000000000001)(97.68420867383777 5.0)
(0.01,30.0,0.6000000000000001)(86.73558755999942 55.0)
(0.01,30.0,0.6000000000000001)(54.64889967778809 84.0)
(0.01,30.0,0.6000000000000001)(28.41579861895209 118.0)
(0.01,30.0,0.6000000000000001)(20.35342776844425 133.0)
(0.01,30.0,0.6000000000000001)(18.697776101059965 138.0)
(0.01,30.0,0.6000000000000001)(18.358501676454264 139.0)
(0.01,30.0,0.6000000000000001)(18.172670510413013 141.0)
(0.01,30.0,0.6000000000000001)(16.738007742316533 145.0)
(0.01,30.0,0.6000000000000001)(16.507547140303124 146.0)
(0.01,30.0,0.6000000000000001)(16.645296941947052 147.0)
(0.01,30.0,0.6000000000000001)(16.907128245502 148.0)
(0.01,30.0,0.6000000000000001)(18.030640930518256 149.0)
(0.01,30.0,0.6000000000000001)(18.15380779663785 150.0)
(0.01,30.0,0.6000000000000001)(18.038447519971534 149.0)
(0.01,30.0,0.6000000000000001)(18.54769131198074 152.0)
(0.01,30.0,0.6000000000000001)(18.387888617235625 151.0)
(0.01 30.0 0.6500000000000001)(17.00307191486559 151.0)
(0.01,30.0,0.6500000000000001)(97.68420867383777 5.0)
(0.01,30.0,0.6500000000000001)(86.44169920525775 56.0)
(0.01,30.0,0.6500000000000001)(52.20873467897373 87.0)
(0.01,30.0,0.6500000000000001)(24.750166531931757 124.0)
(0.01,30.0,0.6500000000000001)(19.17888966165451 135.0)
(0.01,30.0,0.6500000000000001)(18.697776101059965 138.0)
(0.01,30.0,0.6500000000000001)(18.358501676454264 139.0)
(0.01,30.0,0.6500000000000001)(17.815567070900766 143.0)
(0.01,30.0,0.6500000000000001)(16.507547140303124 146.0)
(0.01,30.0,0.6500000000000001)(16.595340757821745 147.0)
(0.01,30.0,0.6500000000000001)(16.907128245502 148.0)
(0.01,30.0,0.6500000000000001)(18.030640930518256 149.0)
(0.01,30.0,0.6500000000000001)(18.15380779663785 150.0)
(0.01,30.0,0.6500000000000001)(18.278671337865017 153.0)
(0.01,30.0,0.6500000000000001)(18.15380779663785 152.0)
(0.01,30.0,0.6500000000000001)(18.151323881811805 152.0)
(0.01,30.0,0.6500000000000001)(18.545207397154694 154.0)
(0.01,30.0,0.6500000000000001)(18.727750163952187 155.0)
(0.01,30.0,0.6500000000000001)(18.54769131198074 152.0)
(0.01 30.0 0.7000000000000002)(17.262466905706063 157.0)
(0.01,30.0,0.7000000000000002)(97.68420867383777 5.0)
(0.01,30.0,0.7000000000000002)(86.73558755999942 55.0)
(0.01,30.0,0.7000000000000002)(52.20873467897373 87.0)
(0.01,30.0,0.7000000000000002)(20.404978575596864 128.0)
(0.01,30.0,0.7000000000000002)(18.81527043309501 136.0)
(0.01,30.0,0.7000000000000002)(18.576112554189137 139.0)
(0.01,30.0,0.7000000000000002)(17.88072536141125 142.0)
(0.01,30.0,0.7000000000000002)(16.666149963124546 144.0)
(0.01,30.0,0.7000000000000002)(16.36224734795452 146.0)
(0.01,30.0,0.7000000000000002)(16.595340757821745 147.0)
(0.01,30.0,0.7000000000000002)(16.595340757821745 148.0)
(0.01,30.0,0.7000000000000002)(16.872529916658053 149.0)
(0.01,30.0,0.7000000000000002)(18.030640930518256 150.0)
(0.01,30.0,0.7000000000000002)(18.15380779663785 151.0)
(0.01,30.0,0.7000000000000002)(18.54769131198074 153.0)
(0.01,30.0,0.7000000000000002)(18.54769131198074 155.0)
(0.01,30.0,0.7000000000000002)(18.727750163952187 156.0)
(0.01,30.0,0.7000000000000002)(19.49075843089996 158.0)
(0.01,30.0,0.7000000000000002)(97.68420867383777 1.0)
(0.01,30.0,0.7000000000000002)(41.06584273280324 158.0)
(0.01,30.0,0.7000000000000002)(19.887299250085853 159.0)
(0.01,30.0,0.7000000000000002)(92.95451638784306 22.0)
(0.01,30.0,0.7000000000000002)(97.68420867383777 3.0)
(0.01,30.0,0.7000000000000002)(94.04614119406513 9.0)
(0.01,30.0,0.7000000000000002)(19.48472606632243 158.0)
(0.01 30.0 0.7500000000000002)(17.00307191486559 152.0)
(0.01,30.0,0.7500000000000002)(97.68420867383777 5.0)
(0.01,30.0,0.7500000000000002)(82.65544642648389 59.0)
(0.01,30.0,0.7500000000000002)(52.20873467897373 87.0)
(0.01,30.0,0.7500000000000002)(26.31827942271556 120.0)
(0.01,30.0,0.7500000000000002)(19.283640462240996 136.0)
(0.01,30.0,0.7500000000000002)(18.358501676454264 139.0)
(0.01,30.0,0.7500000000000002)(16.722618049968787 143.0)
(0.01,30.0,0.7500000000000002)(16.33871678445392 145.0)
(0.01,30.0,0.7500000000000002)(16.507547140303124 146.0)
(0.01,30.0,0.7500000000000002)(16.872529916658053 148.0)
(0.01,30.0,0.7500000000000002)(18.030640930518256 150.0)
(0.01,30.0,0.7500000000000002)(97.68420867383777 1.0)
(0.01,30.0,0.7500000000000002)(18.15380779663785 151.0)
(0.01,30.0,0.7500000000000002)(18.15380779663785 152.0)
(0.01,30.0,0.7500000000000002)(18.727750163952187 156.0)
(0.01,30.0,0.7500000000000002)(18.545207397154694 155.0)
(0.01,30.0,0.7500000000000002)(18.387888617235625 154.0)
(0.01,30.0,0.7500000000000002)(42.646818917863676 156.0)
(0.01,30.0,0.7500000000000002)(18.54769131198074 153.0)
(0.01,30.0,0.7500000000000002)(93.39801033731194 24.0)
(0.01,30.0,0.7500000000000002)(94.04614119406513 9.0)
(0.01,30.0,0.7500000000000002)(88.77814793097042 28.0)
(0.01 30.0 0.8000000000000003)(19.887299250085853 159.0)
(0.01,30.0,0.8000000000000003)(97.68420867383777 5.0)
(0.01,30.0,0.8000000000000003)(80.8908869098488 62.0)
(0.01,30.0,0.8000000000000003)(40.72346635422553 100.0)
(0.01,30.0,0.8000000000000003)(19.667614629955562 132.0)
(0.01,30.0,0.8000000000000003)(18.697776101059965 138.0)
(0.01,30.0,0.8000000000000003)(17.815567070900766 142.0)
(0.01,30.0,0.8000000000000003)(16.722618049968787 143.0)
(0.01,30.0,0.8000000000000003)(16.507547140303124 146.0)
(0.01,30.0,0.8000000000000003)(16.595340757821745 147.0)
(0.01,30.0,0.8000000000000003)(16.595340757821745 148.0)
(0.01,30.0,0.8000000000000003)(18.030640930518256 150.0)
(0.01,30.0,0.8000000000000003)(18.15380779663785 151.0)
(0.01,30.0,0.8000000000000003)(18.15380779663785 152.0)
(0.01,30.0,0.8000000000000003)(18.727750163952187 156.0)
(0.01,30.0,0.8000000000000003)(97.68420867383777 1.0)
(0.01,30.0,0.8000000000000003)(18.545207397154694 155.0)
(0.01,30.0,0.8000000000000003)(21.314926392055142 143.0)
(0.01,30.0,0.8000000000000003)(18.387888617235625 152.0)
(0.01,30.0,0.8000000000000003)(18.54769131198074 153.0)
(0.01 30.0 0.8500000000000003)(17.1306575683614 155.0)
(0.01,30.0,0.8500000000000003)(97.68420867383777 5.0)
(0.01,30.0,0.8500000000000003)(82.70197758430434 53.0)
(0.01,30.0,0.8500000000000003)(52.20873467897373 88.0)
(0.01,30.0,0.8500000000000003)(26.956942553432057 119.0)
(0.01,30.0,0.8500000000000003)(16.54976473814067 138.0)
(0.01,30.0,0.8500000000000003)(16.04804762128712 144.0)
(0.01,30.0,0.8500000000000003)(16.112229437802892 145.0)
(0.01,30.0,0.8500000000000003)(16.493859675874504 147.0)
(0.01,30.0,0.8500000000000003)(17.20334270187273 148.0)
(0.01,30.0,0.8500000000000003)(18.030640930518256 150.0)
(0.01,30.0,0.8500000000000003)(18.15380779663785 151.0)
(0.01,30.0,0.8500000000000003)(97.68420867383777 1.0)
(0.01,30.0,0.8500000000000003)(18.727750163952187 156.0)
(0.01,30.0,0.8500000000000003)(18.545207397154694 155.0)
(0.01,30.0,0.8500000000000003)(18.387888617235625 155.0)
(0.01,30.0,0.8500000000000003)(18.387888617235625 154.0)
(0.01,30.0,0.8500000000000003)(18.54769131198074 155.0)
(0.01 30.0 0.9000000000000004)(17.1306575683614 155.0)
(0.01,30.0,0.9000000000000004)(97.68420867383777 5.0)
(0.01,30.0,0.9000000000000004)(81.97268718302858 57.0)
(0.01,30.0,0.9000000000000004)(40.72346635422553 97.0)
(0.01,30.0,0.9000000000000004)(18.369909476270944 130.0)
(0.01,30.0,0.9000000000000004)(16.62083923332217 140.0)
(0.01,30.0,0.9000000000000004)(16.17379243364111 143.0)
(0.01,30.0,0.9000000000000004)(16.493859675874504 146.0)
(0.01,30.0,0.9000000000000004)(17.20334270187273 148.0)
(0.01,30.0,0.9000000000000004)(18.030640930518256 150.0)
(0.01,30.0,0.9000000000000004)(18.15380779663785 151.0)
(0.01,30.0,0.9000000000000004)(18.278671337865017 154.0)
(0.01,30.0,0.9000000000000004)(18.727750163952187 156.0)
(0.01,30.0,0.9000000000000004)(97.68420867383777 1.0)
(0.01,30.0,0.9000000000000004)(45.7934439218367 152.0)
(0.01,30.0,0.9000000000000004)(19.710545696513524 157.0)
(0.01,30.0,0.9000000000000004)(95.59271982058706 38.0)
(0.01,30.0,0.9000000000000004)(97.68420867383777 3.0)
(0.01 30.0 0.9500000000000004)(17.189362627476385 156.0)
(0.01,30.0,0.9500000000000004)(94.04614119406513 9.0)
(0.01,30.0,0.9500000000000004)(80.8908869098488 62.0)
(0.01,30.0,0.9500000000000004)(32.01293649932739 112.0)
(0.01,30.0,0.9500000000000004)(16.42143572583785 138.0)
(0.01,30.0,0.9500000000000004)(16.28552022685286 145.0)
(0.01,30.0,0.9500000000000004)(17.20334270187273 148.0)
(0.01,30.0,0.9500000000000004)(18.030640930518256 149.0)
(0.01,30.0,0.9500000000000004)(18.030640930518256 150.0)
(0.01,30.0,0.9500000000000004)(18.15380779663785 151.0)
(0.01,30.0,0.9500000000000004)(18.727750163952187 156.0)
(0.01,30.0,0.9500000000000004)(18.54769131198074 156.0)
(0.01,30.0,0.9500000000000004)(97.68420867383777 1.0)
(0.01,30.0,0.9500000000000004)(18.93083716780201 157.0)
(0.01,30.0,0.9500000000000004)(19.49075843089996 158.0)
(0.01,30.0,0.9500000000000004)(19.883395955359216 160.0)
