(0.001 10.0 0.45)(16.263975552657215 141.0)
(0.001 10.0 0.46)(16.252696503598727 142.0)
(0.001 10.0 0.47000000000000003)(16.701004921953874 139.0)
(0.001 10.0 0.48000000000000004)(16.788838508190075 138.0)
(0.001 10.0 0.49000000000000005)(16.570428892954904 145.0)
(0.001 10.0 0.5)(16.570428892954904 145.0)
(0.001 10.0 0.51)(16.570428892954904 145.0)
(0.001 10.0 0.52)(16.913944083616407 145.0)
(0.001 10.0 0.53)(16.44384360873342 145.0)
(0.001 10.0 0.54)(16.319778321943677 145.0)
(0.001 10.0 0.55)(16.529110185256343 144.0)
(0.001 10.0 0.56)(16.343908140788464 145.0)
(0.001 10.0 0.5700000000000001)(16.4395752849242 145.0)
(0.001 10.0 0.5800000000000001)(16.319778321943677 145.0)
(0.001 10.0 0.5900000000000001)(16.319778321943677 145.0)
(0.001 10.0 0.6000000000000001)(16.319778321943677 145.0)
(0.001 10.0 0.6100000000000001)(17.113589580681765 147.0)
(0.001 10.0 0.6200000000000001)(16.302668202866766 146.0)
(0.001 10.0 0.6300000000000001)(16.28036500670172 147.0)
(0.001 10.0 0.6400000000000001)(16.80767814175461 148.0)
(0.001 10.0 0.6500000000000001)(16.918948493003167 149.0)
(0.001 10.0 0.6600000000000001)(16.80767814175461 148.0)
(0.001 10.0 0.6700000000000002)(16.302668202866766 146.0)
(0.001 10.0 0.6800000000000002)(16.668774733546485 146.0)
(0.001 10.0 0.6900000000000002)(16.80767814175461 147.0)
(0.001 11.0 0.45)(15.807074556399307 141.0)
(0.001 11.0 0.46)(15.957260801155266 142.0)
(0.001 11.0 0.47000000000000003)(15.8721423208694 140.0)
(0.001 11.0 0.48000000000000004)(17.363251356241545 137.0)
(0.001 11.0 0.49000000000000005)(16.570428892954904 145.0)
(0.001 11.0 0.5)(16.570428892954904 145.0)
(0.001 11.0 0.51)(16.570428892954904 145.0)
(0.001 11.0 0.52)(16.913944083616407 145.0)
(0.001 11.0 0.53)(17.047411610871045 146.0)
(0.001 11.0 0.54)(16.319778321943677 145.0)
(0.001 11.0 0.55)(16.529110185256343 144.0)
(0.001 11.0 0.56)(16.812730718023538 146.0)
(0.001 11.0 0.5700000000000001)(17.113589580681765 147.0)
(0.001 11.0 0.5800000000000001)(16.388508615068343 146.0)
(0.001 11.0 0.5900000000000001)(16.319778321943677 145.0)
(0.001 11.0 0.6000000000000001)(16.319778321943677 145.0)
(0.001 11.0 0.6100000000000001)(17.113589580681765 147.0)
(0.001 11.0 0.6200000000000001)(16.383260380793068 147.0)
(0.001 11.0 0.6300000000000001)(16.373940337620624 148.0)
(0.001 11.0 0.6400000000000001)(16.80767814175461 148.0)
(0.001 11.0 0.6500000000000001)(16.918948493003167 149.0)
(0.001 11.0 0.6600000000000001)(16.80767814175461 148.0)
(0.001 11.0 0.6700000000000002)(16.302668202866766 146.0)
(0.001 11.0 0.6800000000000002)(16.668774733546485 146.0)
(0.001 11.0 0.6900000000000002)(16.80767814175461 147.0)
(0.001 12.0 0.45)(15.82824087502566 140.0)
(0.001 12.0 0.46)(15.894277184738804 140.0)
(0.001 12.0 0.47000000000000003)(15.980617731676704 140.0)
(0.001 12.0 0.48000000000000004)(19.599388415320032 135.0)
(0.001 12.0 0.49000000000000005)(16.244114555419994 143.0)
(0.001 12.0 0.5)(16.244114555419994 143.0)
(0.001 12.0 0.51)(16.570428892954904 145.0)
(0.001 12.0 0.52)(16.913944083616407 145.0)
(0.001 12.0 0.53)(17.047411610871045 146.0)
(0.001 12.0 0.54)(16.319778321943677 145.0)
(0.001 12.0 0.55)(16.529110185256343 144.0)
(0.001 12.0 0.56)(16.812730718023538 146.0)
(0.001 12.0 0.5700000000000001)(17.113589580681765 147.0)
(0.001 12.0 0.5800000000000001)(16.388508615068343 146.0)
(0.001 12.0 0.5900000000000001)(16.319778321943677 145.0)
(0.001 12.0 0.6000000000000001)(16.319778321943677 145.0)
(0.001 12.0 0.6100000000000001)(17.113589580681765 147.0)
(0.001 12.0 0.6200000000000001)(16.383260380793068 147.0)
(0.001 12.0 0.6300000000000001)(16.373940337620624 148.0)
(0.001 12.0 0.6400000000000001)(17.635948120322716 149.0)
(0.001 12.0 0.6500000000000001)(17.971150393505646 150.0)
(0.001 12.0 0.6600000000000001)(16.80767814175461 148.0)
(0.001 12.0 0.6700000000000002)(16.383260380793068 147.0)
(0.001 12.0 0.6800000000000002)(16.668774733546485 146.0)
(0.001 12.0 0.6900000000000002)(16.80767814175461 147.0)
(0.001 13.0 0.45)(15.82824087502566 140.0)
(0.001 13.0 0.46)(15.894277184738804 140.0)
(0.001 13.0 0.47000000000000003)(15.980617731676704 140.0)
(0.001 13.0 0.48000000000000004)(19.599388415320032 135.0)
(0.001 13.0 0.49000000000000005)(16.244114555419994 143.0)
(0.001 13.0 0.5)(16.208487668017277 142.0)
(0.001 13.0 0.51)(16.208487668017277 142.0)
(0.001 13.0 0.52)(16.381725981127786 142.0)
(0.001 13.0 0.53)(16.416218354402773 143.0)
(0.001 13.0 0.54)(16.300352713762297 144.0)
(0.001 13.0 0.55)(16.529110185256343 144.0)
(0.001 13.0 0.56)(16.243118797664486 142.0)
(0.001 13.0 0.5700000000000001)(17.002319229433212 146.0)
(0.001 13.0 0.5800000000000001)(17.386576882373753 148.0)
(0.001 13.0 0.5900000000000001)(16.388508615068343 146.0)
(0.001 13.0 0.6000000000000001)(16.388508615068343 146.0)
(0.001 13.0 0.6100000000000001)(16.309701033610125 143.0)
(0.001 13.0 0.6200000000000001)(16.383260380793068 147.0)
(0.001 13.0 0.6300000000000001)(16.373940337620624 148.0)
(0.001 13.0 0.6400000000000001)(17.635948120322716 149.0)
(0.001 13.0 0.6500000000000001)(17.971150393505646 150.0)
(0.001 13.0 0.6600000000000001)(17.635948120322716 149.0)
(0.001 13.0 0.6700000000000002)(16.302668202866766 146.0)
(0.001 13.0 0.6800000000000002)(16.668774733546485 146.0)
(0.001 13.0 0.6900000000000002)(16.80767814175461 147.0)
(0.001 14.0 0.45)(15.82824087502566 140.0)
(0.001 14.0 0.46)(15.964191043929029 142.0)
(0.001 14.0 0.47000000000000003)(15.980617731676704 140.0)
(0.001 14.0 0.48000000000000004)(17.420926089861425 139.0)
(0.001 14.0 0.49000000000000005)(16.244114555419994 143.0)
(0.001 14.0 0.5)(16.208487668017277 142.0)
(0.001 14.0 0.51)(16.208487668017277 142.0)
(0.001 14.0 0.52)(16.381725981127786 142.0)
(0.001 14.0 0.53)(16.416218354402773 143.0)
(0.001 14.0 0.54)(16.388508615068343 146.0)
(0.001 14.0 0.55)(16.529110185256343 144.0)
(0.001 14.0 0.56)(16.256152675446916 141.0)
(0.001 14.0 0.5700000000000001)(16.298022568349417 143.0)
(0.001 14.0 0.5800000000000001)(17.386576882373753 148.0)
(0.001 14.0 0.5900000000000001)(16.388508615068343 146.0)
(0.001 14.0 0.6000000000000001)(16.388508615068343 146.0)
(0.001 14.0 0.6100000000000001)(16.309701033610125 143.0)
(0.001 14.0 0.6200000000000001)(16.383260380793068 147.0)
(0.001 14.0 0.6300000000000001)(16.373940337620624 148.0)
(0.001 14.0 0.6400000000000001)(17.635948120322716 149.0)
(0.001 14.0 0.6500000000000001)(17.971150393505646 150.0)
(0.001 14.0 0.6600000000000001)(17.635948120322716 149.0)
(0.001 14.0 0.6700000000000002)(16.383260380793068 147.0)
(0.001 14.0 0.6800000000000002)(16.918948493003167 148.0)
(0.001 14.0 0.6900000000000002)(16.80767814175461 147.0)
(0.001 15.0 0.45)(15.82824087502566 140.0)
(0.001 15.0 0.46)(15.964191043929029 142.0)
(0.001 15.0 0.47000000000000003)(15.929991137261943 141.0)
(0.001 15.0 0.48000000000000004)(17.420926089861425 139.0)
(0.001 15.0 0.49000000000000005)(16.244114555419994 143.0)
(0.001 15.0 0.5)(16.208487668017277 142.0)
(0.001 15.0 0.51)(16.208487668017277 142.0)
(0.001 15.0 0.52)(16.41621835440277 143.0)
(0.001 15.0 0.53)(16.416218354402773 143.0)
(0.001 15.0 0.54)(16.388508615068343 146.0)
(0.001 15.0 0.55)(16.442648464852144 143.0)
(0.001 15.0 0.56)(16.256152675446916 141.0)
(0.001 15.0 0.5700000000000001)(16.298022568349417 143.0)
(0.001 15.0 0.5800000000000001)(17.386576882373753 148.0)
(0.001 15.0 0.5900000000000001)(17.386576882373753 148.0)
(0.001 15.0 0.6000000000000001)(17.386576882373753 148.0)
(0.001 15.0 0.6100000000000001)(16.09519157102875 143.0)
(0.001 15.0 0.6200000000000001)(16.383260380793068 147.0)
(0.001 15.0 0.6300000000000001)(16.373940337620624 148.0)
(0.001 15.0 0.6400000000000001)(17.635948120322716 149.0)
(0.001 15.0 0.6500000000000001)(17.971150393505646 150.0)
(0.001 15.0 0.6600000000000001)(17.635948120322716 149.0)
(0.001 15.0 0.6700000000000002)(16.383260380793068 147.0)
(0.001 15.0 0.6800000000000002)(16.918948493003167 148.0)
(0.001 15.0 0.6900000000000002)(16.757071458958173 147.0)
(0.001 16.0 0.45)(15.82824087502566 140.0)
(0.001 16.0 0.46)(15.964191043929029 142.0)
(0.001 16.0 0.47000000000000003)(15.929991137261943 141.0)
(0.001 16.0 0.48000000000000004)(17.420926089861425 139.0)
(0.001 16.0 0.49000000000000005)(16.570428892954904 145.0)
(0.001 16.0 0.5)(16.495997561533912 144.0)
(0.001 16.0 0.51)(16.495997561533912 144.0)
(0.001 16.0 0.52)(16.41621835440277 143.0)
(0.001 16.0 0.53)(16.904998685593913 145.0)
(0.001 16.0 0.54)(16.388508615068343 146.0)
(0.001 16.0 0.55)(16.65607097153348 145.0)
(0.001 16.0 0.56)(16.256152675446916 141.0)
(0.001 16.0 0.5700000000000001)(16.298022568349417 143.0)
(0.001 16.0 0.5800000000000001)(16.476533452766056 145.0)
(0.001 16.0 0.5900000000000001)(16.476533452766056 145.0)
(0.001 16.0 0.6000000000000001)(16.476533452766056 145.0)
(0.001 16.0 0.6100000000000001)(16.402569839448184 145.0)
(0.001 16.0 0.6200000000000001)(17.635948120322716 149.0)
(0.001 16.0 0.6300000000000001)(17.971150393505646 150.0)
(0.001 16.0 0.6400000000000001)(17.635948120322716 149.0)
(0.001 16.0 0.6500000000000001)(17.971150393505646 150.0)
(0.001 16.0 0.6600000000000001)(17.635948120322716 149.0)
(0.001 16.0 0.6700000000000002)(17.635948120322716 149.0)
(0.001 16.0 0.6800000000000002)(17.343755843084477 147.0)
(0.001 16.0 0.6900000000000002)(17.343755843084477 147.0)
(0.001 17.0 0.45)(15.82824087502566 140.0)
(0.001 17.0 0.46)(15.964191043929029 142.0)
(0.001 17.0 0.47000000000000003)(15.929991137261943 141.0)
(0.001 17.0 0.48000000000000004)(17.420926089861425 139.0)
(0.001 17.0 0.49000000000000005)(16.570428892954904 145.0)
(0.001 17.0 0.5)(16.495997561533912 144.0)
(0.001 17.0 0.51)(16.495997561533912 144.0)
(0.001 17.0 0.52)(16.41621835440277 143.0)
(0.001 17.0 0.53)(16.904998685593913 145.0)
(0.001 17.0 0.54)(17.386576882373753 148.0)
(0.001 17.0 0.55)(16.65607097153348 145.0)
(0.001 17.0 0.56)(16.753391515372783 145.0)
(0.001 17.0 0.5700000000000001)(16.36462212069247 144.0)
(0.001 17.0 0.5800000000000001)(16.476533452766056 145.0)
(0.001 17.0 0.5900000000000001)(17.043518789117464 147.0)
(0.001 17.0 0.6000000000000001)(17.043518789117464 147.0)
(0.001 17.0 0.6100000000000001)(16.823249428768897 146.0)
(0.001 17.0 0.6200000000000001)(17.19261164426667 148.0)
(0.001 17.0 0.6300000000000001)(17.37489841711305 149.0)
(0.001 17.0 0.6400000000000001)(17.635948120322716 149.0)
(0.001 17.0 0.6500000000000001)(17.971150393505646 150.0)
(0.001 17.0 0.6600000000000001)(17.635948120322716 149.0)
(0.001 17.0 0.6700000000000002)(17.635948120322716 149.0)
(0.001 17.0 0.6800000000000002)(17.343755843084477 147.0)
(0.001 17.0 0.6900000000000002)(17.343755843084477 147.0)
(0.001 18.0 0.45)(15.82824087502566 140.0)
(0.001 18.0 0.46)(15.929991137261943 141.0)
(0.001 18.0 0.47000000000000003)(16.16236529859498 142.0)
(0.001 18.0 0.48000000000000004)(17.420926089861425 139.0)
(0.001 18.0 0.49000000000000005)(16.570428892954904 145.0)
(0.001 18.0 0.5)(16.495997561533912 144.0)
(0.001 18.0 0.51)(16.495997561533912 144.0)
(0.001 18.0 0.52)(16.41621835440277 143.0)
(0.001 18.0 0.53)(16.904998685593913 145.0)
(0.001 18.0 0.54)(17.386576882373753 148.0)
(0.001 18.0 0.55)(16.65607097153348 145.0)
(0.001 18.0 0.56)(16.753391515372783 145.0)
(0.001 18.0 0.5700000000000001)(16.55049706608392 145.0)
(0.001 18.0 0.5800000000000001)(16.476533452766056 145.0)
(0.001 18.0 0.5900000000000001)(17.386576882373753 148.0)
(0.001 18.0 0.6000000000000001)(17.386576882373753 148.0)
(0.001 18.0 0.6100000000000001)(16.258266062209877 144.0)
(0.001 18.0 0.6200000000000001)(17.635948120322716 149.0)
(0.001 18.0 0.6300000000000001)(17.971150393505646 150.0)
(0.001 18.0 0.6400000000000001)(17.635948120322716 149.0)
(0.001 18.0 0.6500000000000001)(17.971150393505646 150.0)
(0.001 18.0 0.6600000000000001)(17.635948120322716 149.0)
(0.001 18.0 0.6700000000000002)(17.635948120322716 149.0)
(0.001 18.0 0.6800000000000002)(17.343755843084477 147.0)
(0.001 18.0 0.6900000000000002)(17.343755843084477 147.0)
(0.001 19.0 0.45)(15.82824087502566 140.0)
(0.001 19.0 0.46)(15.929991137261943 141.0)
(0.001 19.0 0.47000000000000003)(16.16236529859498 142.0)
(0.001 19.0 0.48000000000000004)(17.420926089861425 139.0)
(0.001 19.0 0.49000000000000005)(16.495997561533912 144.0)
(0.001 19.0 0.5)(16.495997561533912 144.0)
(0.001 19.0 0.51)(16.495997561533912 144.0)
(0.001 19.0 0.52)(16.41621835440277 143.0)
(0.001 19.0 0.53)(16.904998685593913 145.0)
(0.001 19.0 0.54)(16.727088639444954 145.0)
(0.001 19.0 0.55)(16.65607097153348 145.0)
(0.001 19.0 0.56)(16.753391515372783 145.0)
(0.001 19.0 0.5700000000000001)(16.517431719995635 144.0)
(0.001 19.0 0.5800000000000001)(17.386576882373753 148.0)
(0.001 19.0 0.5900000000000001)(17.386576882373753 148.0)
(0.001 19.0 0.6000000000000001)(17.386576882373753 148.0)
(0.001 19.0 0.6100000000000001)(16.258266062209877 144.0)
(0.001 19.0 0.6200000000000001)(17.635948120322716 149.0)
(0.001 19.0 0.6300000000000001)(17.971150393505646 150.0)
(0.001 19.0 0.6400000000000001)(17.635948120322716 149.0)
(0.001 19.0 0.6500000000000001)(17.971150393505646 150.0)
(0.001 19.0 0.6600000000000001)(17.635948120322716 149.0)
(0.001 19.0 0.6700000000000002)(17.635948120322716 149.0)
(0.001 19.0 0.6800000000000002)(17.343755843084477 147.0)
(0.001 19.0 0.6900000000000002)(17.343755843084477 147.0)
(0.001 20.0 0.45)(15.82824087502566 140.0)
(0.001 20.0 0.46)(18.039143726331453 136.0)
(0.001 20.0 0.47000000000000003)(15.929991137261943 141.0)
(0.001 20.0 0.48000000000000004)(17.420926089861425 139.0)
(0.001 20.0 0.49000000000000005)(16.495997561533912 144.0)
(0.001 20.0 0.5)(16.570428892954904 145.0)
(0.001 20.0 0.51)(16.570428892954904 145.0)
(0.001 20.0 0.52)(17.27456283544977 141.0)
(0.001 20.0 0.53)(16.904998685593913 145.0)
(0.001 20.0 0.54)(16.90499868559391 146.0)
(0.001 20.0 0.55)(16.90499868559391 146.0)
(0.001 20.0 0.56)(16.808837896269957 146.0)
(0.001 20.0 0.5700000000000001)(16.484049723917035 144.0)
(0.001 20.0 0.5800000000000001)(17.386576882373753 148.0)
(0.001 20.0 0.5900000000000001)(17.386576882373753 148.0)
(0.001 20.0 0.6000000000000001)(17.386576882373753 148.0)
(0.001 20.0 0.6100000000000001)(16.258266062209877 144.0)
(0.001 20.0 0.6200000000000001)(17.635948120322716 149.0)
(0.001 20.0 0.6300000000000001)(17.971150393505646 150.0)
(0.001 20.0 0.6400000000000001)(17.635948120322716 149.0)
(0.001 20.0 0.6500000000000001)(17.971150393505646 150.0)
(0.001 20.0 0.6600000000000001)(17.635948120322716 149.0)
(0.001 20.0 0.6700000000000002)(17.635948120322716 149.0)
(0.001 20.0 0.6800000000000002)(17.343755843084477 147.0)
(0.001 20.0 0.6900000000000002)(17.343755843084477 147.0)
(0.001 21.0 0.45)(17.68811440479784 137.0)
(0.001 21.0 0.46)(18.039143726331453 136.0)
(0.001 21.0 0.47000000000000003)(18.039143726331453 136.0)
(0.001 21.0 0.48000000000000004)(17.420926089861425 139.0)
(0.001 21.0 0.49000000000000005)(16.495997561533912 144.0)
(0.001 21.0 0.5)(16.570428892954904 145.0)
(0.001 21.0 0.51)(16.570428892954904 145.0)
(0.001 21.0 0.52)(17.27456283544977 141.0)
(0.001 21.0 0.53)(17.047411610871045 146.0)
(0.001 21.0 0.54)(16.90499868559391 146.0)
(0.001 21.0 0.55)(16.65607097153348 145.0)
(0.001 21.0 0.56)(16.808837896269957 146.0)
(0.001 21.0 0.5700000000000001)(16.753391515372783 145.0)
(0.001 21.0 0.5800000000000001)(17.386576882373753 148.0)
(0.001 21.0 0.5900000000000001)(17.386576882373753 148.0)
(0.001 21.0 0.6000000000000001)(17.386576882373753 148.0)
(0.001 21.0 0.6100000000000001)(16.258266062209877 144.0)
(0.001 21.0 0.6200000000000001)(17.635948120322716 149.0)
(0.001 21.0 0.6300000000000001)(17.971150393505646 150.0)
(0.001 21.0 0.6400000000000001)(17.635948120322716 149.0)
(0.001 21.0 0.6500000000000001)(17.971150393505646 150.0)
(0.001 21.0 0.6600000000000001)(17.635948120322716 149.0)
(0.001 21.0 0.6700000000000002)(17.635948120322716 149.0)
(0.001 21.0 0.6800000000000002)(17.343755843084477 147.0)
(0.001 21.0 0.6900000000000002)(17.343755843084477 147.0)
(0.001 22.0 0.45)(17.85228828216001 134.0)
(0.001 22.0 0.46)(18.1651270340492 135.0)
(0.001 22.0 0.47000000000000003)(18.039143726331453 136.0)
(0.001 22.0 0.48000000000000004)(17.96450474930143 137.0)
(0.001 22.0 0.49000000000000005)(16.484319096273204 144.0)
(0.001 22.0 0.5)(16.558750427694193 145.0)
(0.001 22.0 0.51)(16.570428892954904 145.0)
(0.001 22.0 0.52)(17.27456283544977 141.0)
(0.001 22.0 0.53)(17.047411610871045 146.0)
(0.001 22.0 0.54)(16.90499868559391 146.0)
(0.001 22.0 0.55)(16.65607097153348 145.0)
(0.001 22.0 0.56)(16.808837896269957 146.0)
(0.001 22.0 0.5700000000000001)(16.480426274519633 145.0)
(0.001 22.0 0.5800000000000001)(17.386576882373753 148.0)
(0.001 22.0 0.5900000000000001)(17.386576882373753 148.0)
(0.001 22.0 0.6000000000000001)(17.386576882373753 148.0)
(0.001 22.0 0.6100000000000001)(16.65701784788064 146.0)
(0.001 22.0 0.6200000000000001)(17.635948120322716 149.0)
(0.001 22.0 0.6300000000000001)(17.971150393505646 150.0)
(0.001 22.0 0.6400000000000001)(17.635948120322716 149.0)
(0.001 22.0 0.6500000000000001)(17.971150393505646 150.0)
(0.001 22.0 0.6600000000000001)(17.635948120322716 149.0)
(0.001 22.0 0.6700000000000002)(17.635948120322716 149.0)
(0.001 22.0 0.6800000000000002)(17.343755843084477 147.0)
(0.001 22.0 0.6900000000000002)(17.343755843084477 147.0)
(0.001 23.0 0.45)(17.154560305217018 131.0)
(0.001 23.0 0.46)(16.181541420693847 133.0)
(0.001 23.0 0.47000000000000003)(16.181541420693847 134.0)
(0.001 23.0 0.48000000000000004)(16.1587250300455 136.0)
(0.001 23.0 0.49000000000000005)(16.271463590537046 140.0)
(0.001 23.0 0.5)(16.558750427694193 145.0)
(0.001 23.0 0.51)(16.558750427694193 145.0)
(0.001 23.0 0.52)(17.27456283544977 141.0)
(0.001 23.0 0.53)(16.371986181667292 144.0)
(0.001 23.0 0.54)(16.37394033762063 143.0)
(0.001 23.0 0.55)(16.65607097153348 145.0)
(0.001 23.0 0.56)(16.808837896269957 146.0)
(0.001 23.0 0.5700000000000001)(16.429819591723195 145.0)
(0.001 23.0 0.5800000000000001)(17.386576882373753 148.0)
(0.001 23.0 0.5900000000000001)(17.386576882373753 148.0)
(0.001 23.0 0.6000000000000001)(17.386576882373753 148.0)
(0.001 23.0 0.6100000000000001)(16.60157146698347 145.0)
(0.001 23.0 0.6200000000000001)(17.635948120322716 149.0)
(0.001 23.0 0.6300000000000001)(17.971150393505646 150.0)
(0.001 23.0 0.6400000000000001)(17.635948120322716 149.0)
(0.001 23.0 0.6500000000000001)(17.971150393505646 150.0)
(0.001 23.0 0.6600000000000001)(17.635948120322716 149.0)
(0.001 23.0 0.6700000000000002)(17.635948120322716 149.0)
(0.001 23.0 0.6800000000000002)(17.343755843084477 147.0)
(0.001 23.0 0.6900000000000002)(17.343755843084477 147.0)
(0.001 24.0 0.45)(17.154560305217018 131.0)
(0.001 24.0 0.46)(16.181541420693847 133.0)
(0.001 24.0 0.47000000000000003)(16.181541420693847 134.0)
(0.001 24.0 0.48000000000000004)(16.200860908527048 135.0)
(0.001 24.0 0.49000000000000005)(16.248665624411423 138.0)
(0.001 24.0 0.5)(16.228642551247756 139.0)
(0.001 24.0 0.51)(16.232436090159283 143.0)
(0.001 24.0 0.52)(17.916307348174957 138.0)
(0.001 24.0 0.53)(16.218059947026273 142.0)
(0.001 24.0 0.54)(16.255954341823916 141.0)
(0.001 24.0 0.55)(16.30250688172356 143.0)
(0.001 24.0 0.56)(16.812809138428634 147.0)
(0.001 24.0 0.5700000000000001)(16.429819591723195 145.0)
(0.001 24.0 0.5800000000000001)(16.65701784788064 146.0)
(0.001 24.0 0.5900000000000001)(16.65701784788064 146.0)
(0.001 24.0 0.6000000000000001)(17.386576882373753 148.0)
(0.001 24.0 0.6100000000000001)(16.60157146698347 145.0)
(0.001 24.0 0.6200000000000001)(17.635948120322716 149.0)
(0.001 24.0 0.6300000000000001)(17.971150393505646 150.0)
(0.001 24.0 0.6400000000000001)(17.635948120322716 149.0)
(0.001 24.0 0.6500000000000001)(17.971150393505646 150.0)
(0.001 24.0 0.6600000000000001)(17.635948120322716 149.0)
(0.001 24.0 0.6700000000000002)(17.635948120322716 149.0)
(0.001 24.0 0.6800000000000002)(17.343755843084477 147.0)
(0.001 24.0 0.6900000000000002)(17.343755843084477 147.0)
(0.001 25.0 0.45)(17.154560305217018 131.0)
(0.001 25.0 0.46)(16.181541420693847 133.0)
(0.001 25.0 0.47000000000000003)(16.181541420693847 134.0)
(0.001 25.0 0.48000000000000004)(16.200860908527048 135.0)
(0.001 25.0 0.49000000000000005)(16.248665624411423 138.0)
(0.001 25.0 0.5)(16.228642551247756 139.0)
(0.001 25.0 0.51)(16.143260844593346 140.0)
(0.001 25.0 0.52)(16.299696829093836 135.0)
(0.001 25.0 0.53)(16.218059947026273 142.0)
(0.001 25.0 0.54)(16.306498986319177 140.0)
(0.001 25.0 0.55)(16.272726972027762 142.0)
(0.001 25.0 0.56)(16.42301444699605 145.0)
(0.001 25.0 0.5700000000000001)(16.157476719085906 142.0)
(0.001 25.0 0.5800000000000001)(16.65701784788064 146.0)
(0.001 25.0 0.5900000000000001)(16.65701784788064 146.0)
(0.001 25.0 0.6000000000000001)(16.65701784788064 146.0)
(0.001 25.0 0.6100000000000001)(16.60157146698347 145.0)
(0.001 25.0 0.6200000000000001)(17.635948120322716 149.0)
(0.001 25.0 0.6300000000000001)(17.971150393505646 150.0)
(0.001 25.0 0.6400000000000001)(17.635948120322716 149.0)
(0.001 25.0 0.6500000000000001)(17.971150393505646 150.0)
(0.001 25.0 0.6600000000000001)(17.635948120322716 149.0)
(0.001 25.0 0.6700000000000002)(17.635948120322716 149.0)
(0.001 25.0 0.6800000000000002)(17.343755843084477 147.0)
(0.001 25.0 0.6900000000000002)(17.343755843084477 147.0)
(0.001 26.0 0.45)(17.154560305217018 131.0)
(0.001 26.0 0.46)(16.181541420693847 133.0)
(0.001 26.0 0.47000000000000003)(16.181541420693847 134.0)
(0.001 26.0 0.48000000000000004)(16.200860908527048 135.0)
(0.001 26.0 0.49000000000000005)(16.079572079149347 137.0)
(0.001 26.0 0.5)(16.228642551247756 139.0)
(0.001 26.0 0.51)(16.143260844593346 140.0)
(0.001 26.0 0.52)(16.299696829093836 135.0)
(0.001 26.0 0.53)(16.24974603096589 140.0)
(0.001 26.0 0.54)(16.139368022839758 139.0)
(0.001 26.0 0.55)(16.154740976231047 140.0)
(0.001 26.0 0.56)(16.284405437288484 142.0)
(0.001 26.0 0.5700000000000001)(16.157476719085906 142.0)
(0.001 26.0 0.5800000000000001)(16.389511624634913 144.0)
(0.001 26.0 0.5900000000000001)(16.494074789474194 145.0)
(0.001 26.0 0.6000000000000001)(16.494074789474194 145.0)
(0.001 26.0 0.6100000000000001)(16.349220742766427 141.0)
(0.001 26.0 0.6200000000000001)(16.470717858952774 144.0)
(0.001 26.0 0.6300000000000001)(16.578214536462053 147.0)
(0.001 26.0 0.6400000000000001)(16.7349527033572 147.0)
(0.001 26.0 0.6500000000000001)(17.616484011554856 149.0)
(0.001 26.0 0.6600000000000001)(17.635948120322716 149.0)
(0.001 26.0 0.6700000000000002)(17.635948120322716 149.0)
(0.001 26.0 0.6800000000000002)(17.343755843084477 147.0)
(0.001 26.0 0.6900000000000002)(17.343755843084477 147.0)
(0.001 27.0 0.45)(17.154560305217018 131.0)
(0.001 27.0 0.46)(16.181541420693847 133.0)
(0.001 27.0 0.47000000000000003)(16.181541420693847 134.0)
(0.001 27.0 0.48000000000000004)(16.200860908527048 135.0)
(0.001 27.0 0.49000000000000005)(16.05254936373402 136.0)
(0.001 27.0 0.5)(16.19069781999383 136.0)
(0.001 27.0 0.51)(16.216047877384042 137.0)
(0.001 27.0 0.52)(16.8082857230189 134.0)
(0.001 27.0 0.53)(16.24974603096589 140.0)
(0.001 27.0 0.54)(16.139368022839758 139.0)
(0.001 27.0 0.55)(16.154740976231047 140.0)
(0.001 27.0 0.56)(16.16641944149177 140.0)
(0.001 27.0 0.5700000000000001)(16.16641944149177 140.0)
(0.001 27.0 0.5800000000000001)(16.315380490865557 141.0)
(0.001 27.0 0.5900000000000001)(16.315380490865557 141.0)
(0.001 27.0 0.6000000000000001)(16.494074789474194 145.0)
(0.001 27.0 0.6100000000000001)(16.294129746595846 140.0)
(0.001 27.0 0.6200000000000001)(16.470717858952774 144.0)
(0.001 27.0 0.6300000000000001)(16.578214536462053 147.0)
(0.001 27.0 0.6400000000000001)(16.633660917359222 146.0)
(0.001 27.0 0.6500000000000001)(17.020161858596044 148.0)
(0.001 27.0 0.6600000000000001)(17.16146907023809 147.0)
(0.001 27.0 0.6700000000000002)(16.897213042086776 147.0)
(0.001 27.0 0.6800000000000002)(16.87774893331892 146.0)
(0.001 27.0 0.6900000000000002)(16.87774893331892 146.0)
(0.001 28.0 0.45)(17.154560305217018 131.0)
(0.001 28.0 0.46)(16.181541420693847 133.0)
(0.001 28.0 0.47000000000000003)(16.181541420693847 134.0)
(0.001 28.0 0.48000000000000004)(16.200860908527048 135.0)
(0.001 28.0 0.49000000000000005)(16.05254936373402 136.0)
(0.001 28.0 0.5)(16.19069781999383 136.0)
(0.001 28.0 0.51)(16.19069781999383 136.0)
(0.001 28.0 0.52)(16.8082857230189 134.0)
(0.001 28.0 0.53)(16.24974603096589 140.0)
(0.001 28.0 0.54)(16.139368022839758 139.0)
(0.001 28.0 0.55)(16.34515801192461 143.0)
(0.001 28.0 0.56)(16.16641944149177 140.0)
(0.001 28.0 0.5700000000000001)(16.16641944149177 140.0)
(0.001 28.0 0.5800000000000001)(16.24032101650845 139.0)
(0.001 28.0 0.5900000000000001)(16.24032101650845 139.0)
(0.001 28.0 0.6000000000000001)(16.18977637201319 140.0)
(0.001 28.0 0.6100000000000001)(16.14020351195482 138.0)
