(0.001 11.0 0.32)(16.6407720723142 137.0)
(0.001 11.0 0.33)(16.31149041169418 139.0)
(0.001 11.0 0.34)(16.335357273937973 140.0)
(0.001 11.0 0.35000000000000003)(16.30135647385532 146.0)
(0.001 11.0 0.36000000000000004)(15.83157473238341 140.0)
(0.001 11.0 0.37000000000000005)(16.385963956734393 141.0)
(0.001 11.0 0.38000000000000006)(16.237543967412456 141.0)
(0.001 11.0 0.39000000000000007)(16.464854987505333 145.0)
(0.001 12.0 0.32)(16.6407720723142 137.0)
(0.001 12.0 0.33)(16.41055288843391 138.0)
(0.001 12.0 0.34)(16.41055288843391 138.0)
(0.001 12.0 0.35000000000000003)(16.224480537563892 145.0)
(0.001 12.0 0.36000000000000004)(15.83157473238341 140.0)
(0.001 12.0 0.37000000000000005)(16.385963956734393 141.0)
(0.001 12.0 0.38000000000000006)(16.237543967412456 141.0)
(0.001 12.0 0.39000000000000007)(16.464854987505333 145.0)
(0.001 13.0 0.32)(16.6407720723142 137.0)
(0.001 13.0 0.33)(16.41055288843391 138.0)
(0.001 13.0 0.34)(16.41055288843391 138.0)
(0.001 13.0 0.35000000000000003)(16.692131664067922 146.0)
(0.001 13.0 0.36000000000000004)(15.83157473238341 140.0)
(0.001 13.0 0.37000000000000005)(16.450540709119224 140.0)
(0.001 13.0 0.38000000000000006)(16.237543967412456 141.0)
(0.001 13.0 0.39000000000000007)(16.464854987505333 145.0)
(0.021 11.0 0.32)(16.983920772604414 135.0)
(0.021 11.0 0.33)(16.621307963546343 138.0)
(0.021 11.0 0.34)(17.251880849056327 133.0)
(0.021 11.0 0.35000000000000003)(17.550449587084834 137.0)
(0.021 11.0 0.36000000000000004)(15.988403375183852 139.0)
(0.021 11.0 0.37000000000000005)(18.419727375127884 139.0)
(0.021 11.0 0.38000000000000006)(16.08959682915839 139.0)
(0.021 11.0 0.39000000000000007)(16.05237053173947 141.0)
(0.021 12.0 0.32)(16.983920772604414 135.0)
(0.021 12.0 0.33)(16.621307963546343 137.0)
(0.021 12.0 0.34)(17.251880849056327 133.0)
(0.021 12.0 0.35000000000000003)(17.64804272185623 136.0)
(0.021 12.0 0.36000000000000004)(16.155774798969112 138.0)
(0.021 12.0 0.37000000000000005)(16.409320887255824 140.0)
(0.021 12.0 0.38000000000000006)(15.972812176551233 139.0)
(0.021 12.0 0.39000000000000007)(16.034261835493325 140.0)
(0.021 13.0 0.32)(16.983920772604414 135.0)
(0.021 13.0 0.33)(16.621307963546343 137.0)
(0.021 13.0 0.34)(17.251880849056327 133.0)
(0.021 13.0 0.35000000000000003)(18.204055251584922 132.0)
(0.021 13.0 0.36000000000000004)(16.155774798969112 138.0)
(0.021 13.0 0.37000000000000005)(16.409320887255824 140.0)
(0.021 13.0 0.38000000000000006)(16.08066131374438 139.0)
(0.021 13.0 0.39000000000000007)(15.988383463565523 140.0)
