(1.0E-12,5.0,0.01)(63.312853000090854 1.0 131.0 131.0  )
(1.0E-12,5.0,0.01)(63.312853000090854 3.0 131.0 131.0  )
(1.0E-12,5.0,0.01)(63.312853000090854 5.0 131.001 131.001  )
(1.0E-12,5.0,0.01)(63.1358937928245 9.0 131.0 131.001  )
(1.0E-12,5.0,0.01)(63.1358937928245 11.0 131.0 130.99900000000002  )
(1.0E-12,5.0,0.01)(63.1358937928245 13.0 131.0 131.0  )
(1.0E-12,5.0,0.01)(63.1358937928245 14.0 130.999 130.999  )
(1.0E-12,5.0,0.01)(63.1358937928245 16.0 131.001 131.0  )
(1.0E-12,5.0,0.01)(63.1358937928245 17.0 130.999 130.999  )
(1.0E-12 5.0 0.01)(63.1358937928245 36.0130.998 130.999)
(1.0E-12,5.0,0.02)(63.312853000090854 1.0 165.0 165.0  )
(1.0E-12,5.0,0.02)(63.312853000090854 3.0 165.0 165.0  )
(1.0E-12,5.0,0.02)(63.312853000090854 5.0 165.0 165.0  )
(1.0E-12,5.0,0.02)(63.312853000090854 7.0 164.999 164.999  )
(1.0E-12,5.0,0.02)(63.1358937928245 11.0 165.0 165.0  )
(1.0E-12,5.0,0.02)(63.1358937928245 13.0 165.0 165.00099999999998  )
(1.0E-12,5.0,0.02)(63.1358937928245 15.0 165.0 165.0  )
(1.0E-12,5.0,0.02)(63.1358937928245 16.0 164.999 164.999  )
(1.0E-12,5.0,0.02)(63.1358937928245 17.0 165.00099999999998 165.00099999999998  )
(1.0E-12,5.0,0.02)(63.1358937928245 18.0 164.997 164.998  )
(1.0E-12 5.0 0.02)(63.090035119442504 35.0165.0 164.99999999999997)
(1.0E-12,5.0,0.03)(63.312853000090854 1.0 193.0 193.0  )
(1.0E-12,5.0,0.03)(63.312853000090854 3.0 193.0 193.0  )
(1.0E-12,5.0,0.03)(63.312853000090854 5.0 193.0 193.0  )
(1.0E-12,5.0,0.03)(63.1358937928245 9.0 193.0 193.001  )
(1.0E-12,5.0,0.03)(63.1358937928245 11.0 193.0 193.0  )
(1.0E-12,5.0,0.03)(63.1358937928245 13.0 193.00099999999998 193.00099999999998  )
(1.0E-12,5.0,0.03)(63.1358937928245 14.0 192.999 193.001  )
(1.0E-12,5.0,0.03)(63.1358937928245 16.0 192.99900000000002 193.0  )
(1.0E-12,5.0,0.03)(63.1358937928245 17.0 192.999 193.001  )
(1.0E-12,5.0,0.03)(63.1358937928245 18.0 193.0 192.99800000000002  )
(1.0E-12,5.0,0.03)(63.1358937928245 21.0 193.002 193.00099999999998  )
(1.0E-12,5.0,0.03)(63.1358937928245 22.0 192.999 192.99899999999997  )
(1.0E-12,5.0,0.03)(63.07693199520658 24.0 193.0 193.0  )
(1.0E-12,5.0,0.03)(63.07693199520658 25.0 192.999 192.999  )
(1.0E-12,5.0,0.03)(63.07693199520658 26.0 193.0 192.999  )
(1.0E-12 5.0 0.03)(62.67539466842061 60.0193.001 192.99899999999997)
(1.0E-12,5.0,0.04)(63.312853000090854 1.0 210.0 210.0  )
(1.0E-12,5.0,0.04)(63.312853000090854 3.0 210.0 210.0  )
(1.0E-12,5.0,0.04)(63.312853000090854 5.0 210.0 210.0  )
(1.0E-12,5.0,0.04)(63.1358937928245 9.0 210.0 210.0  )
(1.0E-12,5.0,0.04)(63.1358937928245 11.0 210.0 210.0  )
(1.0E-12,5.0,0.04)(63.1358937928245 13.0 210.0 210.001  )
(1.0E-12,5.0,0.04)(63.1358937928245 14.0 210.0 210.0  )
(1.0E-12,5.0,0.04)(63.1358937928245 16.0 209.999 210.001  )
(1.0E-12,5.0,0.04)(63.1358937928245 17.0 210.0 209.99999999999997  )
(1.0E-12,5.0,0.04)(63.1358937928245 20.0 210.0 209.99799999999996  )
(1.0E-12,5.0,0.04)(63.1358937928245 21.0 210.0 210.001  )
(1.0E-12,5.0,0.04)(63.1358937928245 22.0 209.99900000000002 209.998  )
(1.0E-12,5.0,0.04)(63.1358937928245 23.0 210.00100000000003 210.00099999999998  )
(1.0E-12 5.0 0.04)(62.86663067005866 60.0210.0 209.99999999999997)
(1.0E-12,5.0,0.05)(63.312853000090854 1.0 228.0 228.0  )
(1.0E-12,5.0,0.05)(63.312853000090854 3.0 228.0 228.0  )
(1.0E-12,5.0,0.05)(63.312853000090854 5.0 228.0 228.0  )
(1.0E-12,5.0,0.05)(63.1358937928245 9.0 228.0 228.0  )
(1.0E-12,5.0,0.05)(63.1358937928245 11.0 227.999 227.999  )
(1.0E-12,5.0,0.05)(63.1358937928245 13.0 227.99899999999997 227.99899999999997  )
(1.0E-12,5.0,0.05)(63.1358937928245 14.0 228.0 228.0  )
(1.0E-12,5.0,0.05)(63.1358937928245 16.0 228.00100000000003 228.0  )
(1.0E-12,5.0,0.05)(63.1358937928245 17.0 228.001 228.00000000000003  )
(1.0E-12,5.0,0.05)(63.1358937928245 20.0 227.99900000000002 227.99900000000002  )
(1.0E-12,5.0,0.05)(63.1358937928245 21.0 228.0 228.001  )
(1.0E-12,5.0,0.05)(63.1358937928245 22.0 227.998 228.0  )
(1.0E-12 5.0 0.05)(63.0213555609357 59.0228.00000000000006 227.99800000000002)
(1.0E-12,5.0,0.060000000000000005)(63.312853000090854 1.0 244.0 244.0  )
(1.0E-12,5.0,0.060000000000000005)(63.312853000090854 3.0 244.0 244.0  )
(1.0E-12,5.0,0.060000000000000005)(63.312853000090854 5.0 244.0 244.0  )
(1.0E-12,5.0,0.060000000000000005)(63.312853000090854 6.0 244.0 244.0  )
(1.0E-12,5.0,0.060000000000000005)(63.1358937928245 9.0 244.0 244.0  )
(1.0E-12,5.0,0.060000000000000005)(63.1358937928245 11.0 244.0 244.0  )
(1.0E-12,5.0,0.060000000000000005)(63.1358937928245 13.0 243.999 243.999  )
(1.0E-12,5.0,0.060000000000000005)(63.1358937928245 14.0 244.0 244.0  )
(1.0E-12,5.0,0.060000000000000005)(63.1358937928245 16.0 244.0 244.0  )
(1.0E-12,5.0,0.060000000000000005)(63.1358937928245 17.0 244.001 244.00000000000003  )
(1.0E-12,5.0,0.060000000000000005)(63.1358937928245 20.0 244.0 244.00099999999998  )
(1.0E-12,5.0,0.060000000000000005)(63.1358937928245 21.0 243.99900000000002 244.001  )
(1.0E-12,5.0,0.060000000000000005)(63.1358937928245 22.0 244.14100000000002 243.987  )
(1.0E-12 5.0 0.060000000000000005)(62.86663067005866 58.0243.998 244.0)
(1.0E-12,5.0,0.07)(63.312853000090854 1.0 262.0 262.0  )
(1.0E-12,5.0,0.07)(63.312853000090854 3.0 262.0 262.0  )
(1.0E-12,5.0,0.07)(63.312853000090854 5.0 262.0 261.999  )
(1.0E-12,5.0,0.07)(63.312853000090854 6.0 261.999 261.999  )
(1.0E-12,5.0,0.07)(63.1358937928245 9.0 262.0 262.001  )
(1.0E-12,5.0,0.07)(63.1358937928245 11.0 262.0 261.999  )
(1.0E-12,5.0,0.07)(63.1358937928245 13.0 261.999 262.001  )
(1.0E-12,5.0,0.07)(63.1358937928245 14.0 262.0 262.0  )
(1.0E-12,5.0,0.07)(63.1358937928245 16.0 262.00100000000003 262.00100000000003  )
(1.0E-12,5.0,0.07)(63.1358937928245 17.0 262.0 261.999  )
(1.0E-12,5.0,0.07)(63.1358937928245 20.0 261.999 262.0  )
(1.0E-12,5.0,0.07)(63.1358937928245 21.0 262.00100000000003 261.999  )
(1.0E-12,5.0,0.07)(63.1358937928245 22.0 262.153 261.98499999999996  )
(1.0E-12 5.0 0.07)(62.96101575209007 60.0262.0 262.00000000000006)
(1.0E-12,5.0,0.08)(63.312853000090854 3.0 272.0 272.0  )
(1.0E-12,5.0,0.08)(63.312853000090854 5.0 272.0 272.0  )
(1.0E-12,5.0,0.08)(63.312853000090854 6.0 272.0 272.0  )
(1.0E-12,5.0,0.08)(63.1358937928245 9.0 272.0 272.0  )
(1.0E-12,5.0,0.08)(63.1358937928245 11.0 272.0 272.0  )
(1.0E-12,5.0,0.08)(63.1358937928245 13.0 272.0 272.0  )
(1.0E-12,5.0,0.08)(63.1358937928245 14.0 271.999 272.001  )
(1.0E-12,5.0,0.08)(63.1358937928245 16.0 272.001 272.001  )
(1.0E-12,5.0,0.08)(63.1358937928245 17.0 272.0 272.002  )
(1.0E-12,5.0,0.08)(63.1358937928245 20.0 272.001 271.99800000000005  )
(1.0E-12,5.0,0.08)(63.1358937928245 21.0 272.001 271.99999999999994  )
(1.0E-12,5.0,0.08)(63.1358937928245 22.0 272.0 271.99999999999994  )
(1.0E-12 5.0 0.08)(62.69831682380348 67.0272.001 272.001)
(1.0E-12,5.0,0.09)(63.312853000090854 3.0 281.0 281.0  )
(1.0E-12,5.0,0.09)(63.312853000090854 6.0 281.0 281.0  )
(1.0E-12,5.0,0.09)(63.1358937928245 11.0 281.0 281.0  )
(1.0E-12,5.0,0.09)(63.1358937928245 13.0 281.0 281.0  )
(1.0E-12,5.0,0.09)(63.1358937928245 14.0 281.0 281.001  )
(1.0E-12,5.0,0.09)(63.1358937928245 16.0 281.0 281.001  )
(1.0E-12,5.0,0.09)(63.1358937928245 17.0 280.999 280.99899999999997  )
(1.0E-12,5.0,0.09)(63.1358937928245 18.0 281.0 280.99899999999997  )
(1.0E-12,5.0,0.09)(63.1358937928245 21.0 281.0 281.00000000000006  )
(1.0E-12,5.0,0.09)(63.1358937928245 22.0 281.001 280.999  )
(1.0E-12,5.0,0.09)(63.1358937928245 23.0 280.99800000000005 280.999  )
(1.0E-12 5.0 0.09)(55.417593635492814 81.0280.999 281.0)
(1.0E-12,5.0,0.09999999999999999)(63.312853000090854 3.0 289.0 289.0  )
(1.0E-12,5.0,0.09999999999999999)(63.1358937928245 9.0 289.0 289.001  )
(1.0E-12,5.0,0.09999999999999999)(63.1358937928245 11.0 289.0 289.0  )
(1.0E-12,5.0,0.09999999999999999)(63.1358937928245 14.0 289.0 289.0  )
(1.0E-12,5.0,0.09999999999999999)(63.1358937928245 16.0 289.0 289.0  )
(1.0E-12,5.0,0.09999999999999999)(63.1358937928245 18.0 289.0 289.001  )
(1.0E-12,5.0,0.09999999999999999)(63.1358937928245 21.0 288.99800000000005 289.0  )
(1.0E-12,5.0,0.09999999999999999)(63.1358937928245 22.0 289.0 288.99999999999994  )
(1.0E-12,5.0,0.09999999999999999)(63.1358937928245 23.0 289.001 288.99899999999997  )
(1.0E-12,5.0,0.09999999999999999)(63.1358937928245 24.0 289.168 288.98600000000005  )
(1.0E-12,5.0,0.09999999999999999)(63.1358937928245 25.0 288.999 288.998  )
(1.0E-12 5.0 0.09999999999999999)(49.49535407660233 91.0288.999 289.0)
(1.0E-12,5.0,0.10999999999999999)(63.312853000090854 6.0 298.0 298.001  )
(1.0E-12,5.0,0.10999999999999999)(63.1358937928245 13.0 298.0 298.0  )
(1.0E-12,5.0,0.10999999999999999)(63.1358937928245 14.0 298.001 298.00100000000003  )
(1.0E-12,5.0,0.10999999999999999)(63.1358937928245 16.0 298.0 297.99999999999994  )
(1.0E-12,5.0,0.10999999999999999)(63.1358937928245 17.0 297.999 297.998  )
(1.0E-12,5.0,0.10999999999999999)(63.1358937928245 21.0 298.0 297.999  )
(1.0E-12,5.0,0.10999999999999999)(63.1358937928245 22.0 298.001 298.001  )
(1.0E-12,5.0,0.10999999999999999)(63.1358937928245 23.0 298.512 297.95399999999995  )
(1.0E-12 5.0 0.10999999999999999)(47.56356823905051 95.0298.001 298.00100000000003)
(1.0E-12,5.0,0.11999999999999998)(63.312853000090854 6.0 305.999 305.999  )
(1.0E-12,5.0,0.11999999999999998)(63.1358937928245 14.0 306.001 306.001  )
(1.0E-12,5.0,0.11999999999999998)(63.1358937928245 16.0 305.999 306.0  )
(1.0E-12,5.0,0.11999999999999998)(63.1358937928245 17.0 306.001 306.00100000000003  )
(1.0E-12,5.0,0.11999999999999998)(63.1358937928245 21.0 306.0 305.99899999999997  )
(1.0E-12,5.0,0.11999999999999998)(63.1358937928245 22.0 306.00100000000003 305.99899999999997  )
(1.0E-12 5.0 0.11999999999999998)(44.77102523272245 98.0306.00199999999995 305.99899999999997)
(1.0E-12,5.0,0.12999999999999998)(63.312853000090854 5.0 314.0 314.0  )
(1.0E-12,5.0,0.12999999999999998)(63.312853000090854 8.0 314.0 314.0  )
(1.0E-12,5.0,0.12999999999999998)(63.1358937928245 14.0 314.0 314.001  )
(1.0E-12,5.0,0.12999999999999998)(63.1358937928245 16.0 313.999 313.99899999999997  )
(1.0E-12,5.0,0.12999999999999998)(63.1358937928245 21.0 313.999 314.0  )
(1.0E-12,5.0,0.12999999999999998)(63.1358937928245 22.0 314.002 313.99899999999997  )
(1.0E-12,5.0,0.12999999999999998)(63.1358937928245 23.0 314.00300000000004 314.00000000000006  )
(1.0E-12,5.0,0.12999999999999998)(63.1358937928245 24.0 314.7629999999999 313.93  )
(1.0E-12,5.0,0.12999999999999998)(63.1358937928245 25.0 314.002 314.0010000000001  )
(1.0E-12 5.0 0.12999999999999998)(41.210902783023265 100.0314.001 313.9990000000001)
(1.0E-12,5.0,0.13999999999999999)(63.312853000090854 6.0 323.0 323.0  )
(1.0E-12,5.0,0.13999999999999999)(63.1358937928245 13.0 322.999 323.0  )
(1.0E-12,5.0,0.13999999999999999)(63.1358937928245 14.0 322.99899999999997 322.998  )
(1.0E-12,5.0,0.13999999999999999)(63.1358937928245 16.0 322.99899999999997 323.0  )
(1.0E-12,5.0,0.13999999999999999)(63.1358937928245 17.0 323.00100000000003 323.0  )
(1.0E-12,5.0,0.13999999999999999)(63.1358937928245 21.0 322.999 322.99999999999994  )
(1.0E-12,5.0,0.13999999999999999)(63.1358937928245 22.0 322.999 323.00000000000006  )
(1.0E-12,5.0,0.13999999999999999)(63.1358937928245 23.0 322.999 322.99900000000014  )
(1.0E-12,5.0,0.13999999999999999)(63.1358937928245 24.0 323.001 322.99899999999997  )
(1.0E-12 5.0 0.13999999999999999)(41.210902783023265 100.0322.999 322.99999999999994)
(1.0E-12,5.0,0.15)(63.312853000090854 6.0 331.0 331.0  )
(1.0E-12,5.0,0.15)(63.1358937928245 13.0 331.0 330.999  )
(1.0E-12,5.0,0.15)(63.1358937928245 14.0 330.999 331.0  )
(1.0E-12,5.0,0.15)(63.1358937928245 16.0 330.999 330.999  )
(1.0E-12,5.0,0.15)(63.1358937928245 18.0 330.999 330.999  )
(1.0E-12,5.0,0.15)(63.1358937928245 21.0 331.0 330.9990000000001  )
(1.0E-12,5.0,0.15)(63.1358937928245 22.0 331.001 331.0  )
(1.0E-12,5.0,0.15)(63.1358937928245 23.0 330.999 331.0009999999999  )
(1.0E-12,5.0,0.15)(63.312853000090854 1.0 0.0 0.0  )
(1.0E-12,5.0,0.15)(63.1358937928245 26.0 331.0 331.002  )
(1.0E-12,5.0,0.15)(63.1358937928245 24.0 330.999 330.998  )
(1.0E-12,5.0,0.15)(63.1358937928245 25.0 331.001 330.99999999999994  )
(1.0E-12 5.0 0.15)(41.210902783023265 100.0330.998 330.998)
(1.0E-12,5.0,0.16)(63.312853000090854 6.0 340.0 340.0  )
(1.0E-12,5.0,0.16)(63.1358937928245 13.0 340.001 340.0  )
(1.0E-12,5.0,0.16)(63.1358937928245 14.0 340.0 339.999  )
(1.0E-12,5.0,0.16)(63.1358937928245 16.0 340.001 340.002  )
(1.0E-12,5.0,0.16)(63.1358937928245 18.0 340.001 339.999  )
(1.0E-12,5.0,0.16)(63.1358937928245 21.0 340.00100000000003 340.00100000000003  )
(1.0E-12,5.0,0.16)(63.1358937928245 22.0 339.999 340.001  )
(1.0E-12,5.0,0.16)(63.1358937928245 23.0 339.999 340.0  )
(1.0E-12,5.0,0.16)(63.1358937928245 24.0 340.0 339.99999999999994  )
(1.0E-12,5.0,0.16)(63.1358937928245 25.0 340.001 340.0009999999999  )
(1.0E-12 5.0 0.16)(41.100843868121586 104.0339.998 339.999)
(1.0E-12,5.0,0.17)(63.312853000090854 6.0 348.0 347.999  )
(1.0E-12,5.0,0.17)(63.1358937928245 14.0 348.001 348.001  )
(1.0E-12,5.0,0.17)(63.1358937928245 16.0 348.00199999999995 348.002  )
(1.0E-12,5.0,0.17)(63.1358937928245 21.0 348.001 348.002  )
(1.0E-12,5.0,0.17)(63.1358937928245 22.0 347.999 347.99700000000007  )
(1.0E-12,5.0,0.17)(63.1358937928245 23.0 348.002 348.0000000000001  )
(1.0E-12,5.0,0.17)(63.1358937928245 24.0 347.998 347.99899999999997  )
(1.0E-12,5.0,0.17)(63.1358937928245 25.0 348.002 348.0009999999999  )
(1.0E-12,5.0,0.17)(63.1358937928245 26.0 348.002 348.00100000000003  )
(1.0E-12 5.0 0.17)(39.1739334206722 110.0348.001 347.999)
(1.0E-12,5.0,0.18000000000000002)(63.312853000090854 6.0 357.0 357.0  )
(1.0E-12,5.0,0.18000000000000002)(63.1358937928245 14.0 356.999 356.999  )
(1.0E-12,5.0,0.18000000000000002)(63.1358937928245 16.0 357.0 357.00100000000003  )
(1.0E-12,5.0,0.18000000000000002)(63.1358937928245 21.0 357.0 356.999  )
(1.0E-12,5.0,0.18000000000000002)(63.1358937928245 22.0 357.0 357.00000000000006  )
(1.0E-12,5.0,0.18000000000000002)(63.1358937928245 23.0 356.9989999999999 357.0009999999999  )
(1.0E-12,5.0,0.18000000000000002)(63.1358937928245 24.0 357.002 357.00199999999995  )
(1.0E-12,5.0,0.18000000000000002)(63.1358937928245 25.0 356.9989999999999 356.99899999999997  )
(1.0E-12 5.0 0.18000000000000002)(39.1739334206722 111.0357.0 357.0)
(1.0E-12,5.0,0.19000000000000003)(63.312853000090854 6.0 365.0 365.0  )
(1.0E-12,5.0,0.19000000000000003)(63.1358937928245 14.0 365.0 365.001  )
(1.0E-12,5.0,0.19000000000000003)(63.1358937928245 16.0 365.0 365.001  )
(1.0E-12,5.0,0.19000000000000003)(63.1358937928245 21.0 365.001 364.99999999999994  )
(1.0E-12,5.0,0.19000000000000003)(63.1358937928245 22.0 365.214 364.98500000000007  )
(1.0E-12,5.0,0.19000000000000003)(63.1358937928245 23.0 365.2130000000001 364.987  )
(1.0E-12,5.0,0.19000000000000003)(63.1358937928245 24.0 365.2100000000001 364.986  )
(1.0E-12,5.0,0.19000000000000003)(63.1358937928245 26.0 366.597 364.85299999999995  )
(1.0E-12 5.0 0.19000000000000003)(33.339277339563736 116.0364.99999999999994 364.99999999999994)
(1.0E-12,10.0,0.01)(63.312853000090854 1.0 131.0 131.0  )
(1.0E-12,10.0,0.01)(63.312853000090854 3.0 131.0 131.0  )
(1.0E-12,10.0,0.01)(63.312853000090854 5.0 131.0 131.0  )
(1.0E-12,10.0,0.01)(63.1358937928245 9.0 131.0 131.0  )
(1.0E-12,10.0,0.01)(63.1358937928245 11.0 130.999 130.999  )
(1.0E-12,10.0,0.01)(63.1358937928245 13.0 131.00099999999998 131.00099999999998  )
(1.0E-12,10.0,0.01)(63.1358937928245 14.0 131.0 131.0  )
(1.0E-12,10.0,0.01)(63.1358937928245 16.0 131.0 131.001  )
(1.0E-12,10.0,0.01)(63.1358937928245 17.0 130.99900000000002 131.0  )
(1.0E-12,10.0,0.01)(63.07693199520658 21.0 131.0 131.0  )
(1.0E-12,10.0,0.01)(63.1358937928245 20.0 130.99900000000002 131.0  )
(1.0E-12 10.0 0.01)(63.07693199520658 39.0131.002 131.00099999999998)
(1.0E-12,10.0,0.02)(63.312853000090854 1.0 165.0 165.0  )
(1.0E-12,10.0,0.02)(63.312853000090854 3.0 165.0 165.0  )
(1.0E-12,10.0,0.02)(63.312853000090854 5.0 164.999 164.999  )
(1.0E-12,10.0,0.02)(63.312853000090854 7.0 165.0 165.0  )
(1.0E-12,10.0,0.02)(63.1358937928245 11.0 165.0 164.999  )
(1.0E-12,10.0,0.02)(63.1358937928245 13.0 165.0 165.0  )
(1.0E-12,10.0,0.02)(63.1358937928245 15.0 165.0 165.00099999999998  )
(1.0E-12,10.0,0.02)(63.1358937928245 16.0 165.001 165.0  )
(1.0E-12,10.0,0.02)(63.1358937928245 17.0 165.0 165.0  )
(1.0E-12,10.0,0.02)(63.07693199520658 18.0 164.99900000000002 165.00099999999998  )
(1.0E-12,10.0,0.02)(63.07693199520658 19.0 165.00100000000003 165.0  )
(1.0E-12 10.0 0.02)(63.03025880802586 36.0164.99999999999997 165.0)
(1.0E-12,10.0,0.03)(63.312853000090854 1.0 193.0 193.0  )
(1.0E-12,10.0,0.03)(63.312853000090854 3.0 193.0 193.0  )
(1.0E-12,10.0,0.03)(63.312853000090854 5.0 193.0 193.0  )
(1.0E-12,10.0,0.03)(63.1358937928245 9.0 193.0 193.0  )
(1.0E-12,10.0,0.03)(63.1358937928245 11.0 193.00099999999998 193.0  )
(1.0E-12,10.0,0.03)(63.1358937928245 13.0 192.99900000000002 192.999  )
(1.0E-12,10.0,0.03)(63.1358937928245 14.0 193.0 192.999  )
(1.0E-12,10.0,0.03)(63.1358937928245 16.0 193.0 193.0  )
(1.0E-12,10.0,0.03)(63.1358937928245 17.0 193.0 192.99900000000002  )
(1.0E-12,10.0,0.03)(63.07693199520658 21.0 193.0 192.999  )
(1.0E-12,10.0,0.03)(63.07693199520658 22.0 192.999 193.00199999999998  )
(1.0E-12,10.0,0.03)(63.03025880802586 23.0 193.0 192.99899999999997  )
(1.0E-12,10.0,0.03)(63.03025880802586 24.0 193.0 193.0  )
(1.0E-12,10.0,0.03)(63.03025880802586 25.0 192.999 192.999  )
(1.0E-12,10.0,0.03)(63.03025880802586 26.0 193.0 193.0  )
(1.0E-12,10.0,0.03)(63.03025880802586 27.0 193.0 193.001  )
(1.0E-12 10.0 0.03)(62.43538323362471 61.0193.00000000000003 193.001)
(1.0E-12,10.0,0.04)(63.312853000090854 3.0 210.0 210.0  )
(1.0E-12,10.0,0.04)(63.312853000090854 5.0 210.0 210.0  )
(1.0E-12,10.0,0.04)(63.1358937928245 9.0 210.0 210.0  )
(1.0E-12,10.0,0.04)(63.1358937928245 11.0 210.0 210.0  )
(1.0E-12,10.0,0.04)(63.1358937928245 13.0 210.0 210.0  )
(1.0E-12,10.0,0.04)(63.1358937928245 14.0 210.0 210.00099999999998  )
(1.0E-12,10.0,0.04)(63.1358937928245 16.0 210.0 210.0  )
(1.0E-12,10.0,0.04)(63.1358937928245 17.0 209.999 209.99800000000002  )
(1.0E-12,10.0,0.04)(63.1358937928245 20.0 210.0 209.99899999999997  )
(1.0E-12,10.0,0.04)(63.07693199520658 21.0 209.999 210.001  )
(1.0E-12,10.0,0.04)(63.07693199520658 22.0 210.0 209.99999999999997  )
(1.0E-12,10.0,0.04)(63.03025880802586 23.0 210.001 209.99800000000002  )
(1.0E-12,10.0,0.04)(63.03025880802586 24.0 210.001 210.0  )
(1.0E-12,10.0,0.04)(63.03025880802586 25.0 210.001 210.001  )
(1.0E-12,10.0,0.04)(63.03025880802586 26.0 209.99800000000002 210.001  )
(1.0E-12,10.0,0.04)(63.03025880802586 27.0 210.002 210.0  )
(1.0E-12 10.0 0.04)(61.871082967626464 68.0210.00099999999998 210.0)
(1.0E-12,10.0,0.05)(63.312853000090854 3.0 228.0 228.0  )
(1.0E-12,10.0,0.05)(63.312853000090854 5.0 228.0 228.0  )
(1.0E-12,10.0,0.05)(63.1358937928245 9.0 228.0 228.00099999999998  )
(1.0E-12,10.0,0.05)(63.1358937928245 11.0 228.0 228.00099999999998  )
(1.0E-12,10.0,0.05)(63.1358937928245 13.0 228.0 228.001  )
(1.0E-12,10.0,0.05)(63.1358937928245 14.0 228.001 228.001  )
(1.0E-12,10.0,0.05)(63.1358937928245 16.0 228.0 228.001  )
(1.0E-12,10.0,0.05)(63.1358937928245 17.0 228.0 228.001  )
(1.0E-12,10.0,0.05)(63.1358937928245 20.0 227.99999999999997 227.99900000000005  )
(1.0E-12,10.0,0.05)(63.07693199520658 21.0 227.99900000000002 228.00099999999998  )
(1.0E-12,10.0,0.05)(63.090035119442504 21.0 228.00099999999998 228.001  )
(1.0E-12,10.0,0.05)(63.07693199520658 22.0 227.99900000000002 227.99900000000002  )
(1.0E-12,10.0,0.05)(63.03025880802586 23.0 228.0 228.002  )
(1.0E-12,10.0,0.05)(63.03025880802586 24.0 228.0 227.99900000000002  )
(1.0E-12,10.0,0.05)(63.03025880802586 25.0 228.00099999999998 227.99900000000002  )
(1.0E-12 10.0 0.05)(61.23706195005199 69.0228.00100000000003 228.00000000000003)
(1.0E-12,10.0,0.060000000000000005)(63.312853000090854 3.0 244.0 244.0  )
(1.0E-12,10.0,0.060000000000000005)(63.312853000090854 5.0 244.0 244.0  )
(1.0E-12,10.0,0.060000000000000005)(63.1358937928245 9.0 244.0 244.0  )
(1.0E-12,10.0,0.060000000000000005)(63.1358937928245 11.0 244.0 244.0  )
(1.0E-12,10.0,0.060000000000000005)(63.1358937928245 13.0 244.0 244.00099999999998  )
(1.0E-12,10.0,0.060000000000000005)(63.1358937928245 14.0 244.0 244.0  )
(1.0E-12,10.0,0.060000000000000005)(63.1358937928245 16.0 244.0 244.00000000000003  )
(1.0E-12,10.0,0.060000000000000005)(63.1358937928245 17.0 244.0 243.99999999999997  )
(1.0E-12,10.0,0.060000000000000005)(63.1358937928245 20.0 244.0 244.001  )
(1.0E-12,10.0,0.060000000000000005)(63.07693199520658 21.0 243.999 244.00100000000003  )
(1.0E-12,10.0,0.060000000000000005)(63.07693199520658 22.0 244.00100000000003 244.0  )
(1.0E-12,10.0,0.060000000000000005)(63.03025880802586 23.0 244.00100000000003 244.001  )
(1.0E-12,10.0,0.060000000000000005)(63.07693199520658 24.0 244.00100000000003 243.999  )
(1.0E-12 10.0 0.060000000000000005)(61.69049626037969 65.0243.99900000000002 244.0)
(1.0E-12,10.0,0.07)(63.312853000090854 3.0 262.0 262.0  )
(1.0E-12,10.0,0.07)(63.312853000090854 5.0 262.0 262.0  )
(1.0E-12,10.0,0.07)(63.1358937928245 9.0 262.0 262.0  )
(1.0E-12,10.0,0.07)(63.1358937928245 11.0 261.999 261.999  )
(1.0E-12,10.0,0.07)(63.1358937928245 13.0 262.0 261.999  )
(1.0E-12,10.0,0.07)(63.1358937928245 14.0 262.0 262.0  )
(1.0E-12,10.0,0.07)(63.1358937928245 16.0 261.999 262.0  )
(1.0E-12,10.0,0.07)(63.1358937928245 17.0 262.001 262.00100000000003  )
(1.0E-12,10.0,0.07)(63.1358937928245 20.0 262.0 262.0  )
(1.0E-12,10.0,0.07)(63.07693199520658 21.0 261.99800000000005 261.997  )
(1.0E-12,10.0,0.07)(63.07693199520658 22.0 262.0 262.0  )
(1.0E-12,10.0,0.07)(63.03025880802586 23.0 261.999 262.0  )
(1.0E-12,10.0,0.07)(63.03025880802586 24.0 262.001 262.002  )
(1.0E-12 10.0 0.07)(61.455365508360096 66.0262.0 262.001)
(1.0E-12,10.0,0.08)(63.312853000090854 3.0 272.0 272.0  )
(1.0E-12,10.0,0.08)(63.312853000090854 5.0 272.0 272.0  )
(1.0E-12,10.0,0.08)(63.1358937928245 11.0 272.0 272.0  )
(1.0E-12,10.0,0.08)(63.1358937928245 14.0 272.0 272.0  )
(1.0E-12,10.0,0.08)(63.1358937928245 16.0 272.00100000000003 272.001  )
(1.0E-12,10.0,0.08)(63.1358937928245 19.0 271.999 272.00000000000006  )
(1.0E-12,10.0,0.08)(63.1358937928245 20.0 271.999 271.999  )
(1.0E-12,10.0,0.08)(63.090035119442504 21.0 271.998 271.99899999999997  )
(1.0E-12,10.0,0.08)(63.07693199520658 22.0 271.999 271.999  )
(1.0E-12,10.0,0.08)(63.03025880802586 23.0 272.0 272.002  )
(1.0E-12,10.0,0.08)(63.03025880802586 24.0 272.001 272.0  )
(1.0E-12,10.0,0.08)(63.312853000090854 1.0 0.0 0.0  )
(1.0E-12 10.0 0.08)(58.9931110681948 74.0272.0 272.001)
(1.0E-12,10.0,0.09)(63.312853000090854 5.0 281.0 281.0  )
(1.0E-12,10.0,0.09)(63.1358937928245 13.0 281.0 281.0  )
(1.0E-12,10.0,0.09)(63.1358937928245 14.0 281.0 280.99899999999997  )
(1.0E-12,10.0,0.09)(63.1358937928245 16.0 281.0 281.00100000000003  )
(1.0E-12,10.0,0.09)(63.1358937928245 17.0 281.001 281.0  )
(1.0E-12,10.0,0.09)(63.07693199520658 21.0 280.999 281.0  )
(1.0E-12,10.0,0.09)(63.07693199520658 22.0 281.0 280.998  )
(1.0E-12,10.0,0.09)(63.03025880802586 23.0 281.001 280.99999999999994  )
(1.0E-12,10.0,0.09)(63.03025880802586 24.0 281.0 280.99899999999997  )
(1.0E-12,10.0,0.09)(63.07693199520658 25.0 281.001 281.00199999999995  )
(1.0E-12,10.0,0.09)(63.07693199520658 26.0 281.0 280.999  )
(1.0E-12,10.0,0.09)(63.07693199520658 27.0 281.0 280.99899999999997  )
(1.0E-12 10.0 0.09)(51.027475192562484 84.0281.0 281.0)
(1.0E-12,10.0,0.09999999999999999)(63.312853000090854 5.0 289.0 289.0  )
(1.0E-12,10.0,0.09999999999999999)(63.1358937928245 14.0 289.0 289.0  )
(1.0E-12,10.0,0.09999999999999999)(63.1358937928245 16.0 289.0 289.001  )
(1.0E-12,10.0,0.09999999999999999)(63.1358937928245 17.0 289.0 289.001  )
(1.0E-12,10.0,0.09999999999999999)(63.07693199520658 21.0 288.999 288.99899999999997  )
(1.0E-12,10.0,0.09999999999999999)(63.03025880802586 23.0 289.002 288.99899999999997  )
(1.0E-12,10.0,0.09999999999999999)(63.03025880802586 24.0 289.00199999999995 289.0  )
(1.0E-12,10.0,0.09999999999999999)(63.07693199520658 25.0 289.0 288.9989999999999  )
(1.0E-12,10.0,0.09999999999999999)(63.07693199520658 26.0 289.0 289.001  )
(1.0E-12 10.0 0.09999999999999999)(47.92188278202121 91.0289.0 289.002)
(1.0E-12,10.0,0.10999999999999999)(63.1358937928245 11.0 298.0 298.0  )
(1.0E-12,10.0,0.10999999999999999)(63.1358937928245 16.0 298.0 297.999  )
(1.0E-12,10.0,0.10999999999999999)(63.1358937928245 17.0 298.0 297.99999999999994  )
(1.0E-12,10.0,0.10999999999999999)(63.07693199520658 21.0 298.0 298.00000000000006  )
(1.0E-12,10.0,0.10999999999999999)(63.07693199520658 22.0 298.0 297.99999999999994  )
(1.0E-12,10.0,0.10999999999999999)(63.07693199520658 23.0 298.001 298.00100000000003  )
(1.0E-12,10.0,0.10999999999999999)(63.07693199520658 24.0 298.001 297.99999999999994  )
(1.0E-12,10.0,0.10999999999999999)(63.07693199520658 25.0 298.00000000000006 297.99800000000005  )
(1.0E-12 10.0 0.10999999999999999)(46.28236628373204 96.0298.0 298.0)
(1.0E-12,10.0,0.11999999999999998)(63.1358937928245 11.0 306.001 306.0  )
(1.0E-12,10.0,0.11999999999999998)(63.1358937928245 16.0 306.0 306.0  )
(1.0E-12,10.0,0.11999999999999998)(63.1358937928245 17.0 306.0 306.0  )
(1.0E-12,10.0,0.11999999999999998)(63.090035119442504 21.0 306.001 305.99899999999997  )
(1.0E-12,10.0,0.11999999999999998)(63.03025880802586 23.0 306.0 306.0  )
(1.0E-12,10.0,0.11999999999999998)(63.07693199520658 22.0 305.999 306.0  )
(1.0E-12 10.0 0.11999999999999998)(40.34297542357842 102.0306.001 305.99899999999997)
(1.0E-12,10.0,0.12999999999999998)(63.1358937928245 13.0 314.0 314.0  )
(1.0E-12,10.0,0.12999999999999998)(63.1358937928245 16.0 314.0 314.001  )
(1.0E-12,10.0,0.12999999999999998)(63.1358937928245 17.0 314.0 313.999  )
(1.0E-12,10.0,0.12999999999999998)(63.090035119442504 21.0 313.999 313.998  )
(1.0E-12,10.0,0.12999999999999998)(63.03025880802586 23.0 314.001 314.0009999999999  )
(1.0E-12,10.0,0.12999999999999998)(63.07693199520658 22.0 314.001 314.0  )
(1.0E-12,10.0,0.12999999999999998)(63.07693199520658 24.0 314.00100000000003 314.0  )
(1.0E-12 10.0 0.12999999999999998)(33.04311910514068 106.0314.001 314.002)
(1.0E-12,10.0,0.13999999999999999)(63.1358937928245 13.0 323.0 323.0  )
(1.0E-12,10.0,0.13999999999999999)(63.1358937928245 16.0 323.0 322.999  )
(1.0E-12,10.0,0.13999999999999999)(63.1358937928245 21.0 322.999 323.00000000000006  )
(1.0E-12,10.0,0.13999999999999999)(63.07693199520658 23.0 322.999 323.00100000000003  )
(1.0E-12,10.0,0.13999999999999999)(63.07693199520658 25.0 323.00100000000003 322.99899999999997  )
(1.0E-12,10.0,0.13999999999999999)(63.07693199520658 26.0 323.182 322.9849999999999  )
(1.0E-12 10.0 0.13999999999999999)(36.04648810009531 103.0322.999 322.99999999999994)
(1.0E-12,10.0,0.15)(63.1358937928245 14.0 331.001 331.0  )
(1.0E-12,10.0,0.15)(63.1358937928245 16.0 331.001 331.00000000000006  )
(1.0E-12,10.0,0.15)(63.1358937928245 21.0 331.0 330.999  )
(1.0E-12,10.0,0.15)(63.07693199520658 23.0 331.0 330.9989999999999  )
(1.0E-12,10.0,0.15)(63.07693199520658 24.0 331.0 330.99999999999994  )
(1.0E-12,10.0,0.15)(63.07693199520658 25.0 330.99800000000005 331.0  )
(1.0E-12,10.0,0.15)(63.07693199520658 26.0 331.001 331.001  )
(1.0E-12,10.0,0.15)(63.312853000090854 1.0 0.0 0.0  )
(1.0E-12 10.0 0.15)(34.508436508824076 104.0330.9999999999999 330.999)
(1.0E-12,10.0,0.16)(63.1358937928245 14.0 340.0 340.0  )
(1.0E-12,10.0,0.16)(63.1358937928245 16.0 340.0 340.0  )
(1.0E-12,10.0,0.16)(63.1358937928245 21.0 340.001 340.0009999999999  )
(1.0E-12,10.0,0.16)(63.07693199520658 23.0 340.001 340.0010000000001  )
(1.0E-12,10.0,0.16)(63.07693199520658 24.0 340.001 340.0  )
(1.0E-12,10.0,0.16)(63.07693199520658 25.0 340.0 340.00100000000003  )
(1.0E-12,10.0,0.16)(63.312853000090854 1.0 0.0 0.0  )
(1.0E-12,10.0,0.16)(63.312853000090854 5.0 339.66 340.0  )
(1.0E-12,10.0,0.16)(63.312853000090854 13.0 356.046 337.98900000000003  )
(1.0E-12 10.0 0.16)(34.36643297145193 108.0340.001 340.001)
(1.0E-12,10.0,0.17)(63.1358937928245 13.0 348.0 348.0  )
(1.0E-12,10.0,0.17)(63.1358937928245 16.0 348.00199999999995 348.00100000000003  )
(1.0E-12,10.0,0.17)(63.1358937928245 18.0 347.99899999999997 347.999  )
(1.0E-12,10.0,0.17)(63.1358937928245 21.0 347.999 348.0  )
(1.0E-12,10.0,0.17)(63.1358937928245 22.0 347.998 347.99899999999997  )
(1.0E-12 10.0 0.17)(37.14004882207372 108.0348.893 347.932)
(1.0E-12,10.0,0.18000000000000002)(63.1358937928245 13.0 357.001 357.0  )
(1.0E-12,10.0,0.18000000000000002)(63.1358937928245 16.0 357.001 357.0  )
(1.0E-12,10.0,0.18000000000000002)(63.1358937928245 21.0 357.0 357.0  )
(1.0E-12,10.0,0.18000000000000002)(63.1358937928245 22.0 357.001 357.00100000000003  )
(1.0E-12,10.0,0.18000000000000002)(63.1358937928245 23.0 357.0 356.9990000000001  )
(1.0E-12,10.0,0.18000000000000002)(63.1358937928245 25.0 357.205 356.984  )
(1.0E-12,10.0,0.18000000000000002)(63.312853000090854 1.0 0.0 0.0  )
(1.0E-12 10.0 0.18000000000000002)(37.14004882207372 109.0357.947 356.933)
(1.0E-12,10.0,0.19000000000000003)(63.312853000090854 6.0 365.0 365.00100000000003  )
(1.0E-12,10.0,0.19000000000000003)(63.1358937928245 14.0 364.999 364.99999999999994  )
(1.0E-12,10.0,0.19000000000000003)(63.1358937928245 16.0 365.001 365.00100000000003  )
(1.0E-12,10.0,0.19000000000000003)(63.1358937928245 18.0 365.0 365.001  )
(1.0E-12,10.0,0.19000000000000003)(63.1358937928245 21.0 365.001 364.9989999999999  )
(1.0E-12,10.0,0.19000000000000003)(63.1358937928245 22.0 364.99699999999996 364.997  )
(1.0E-12,10.0,0.19000000000000003)(63.312853000090854 1.0 0.0 0.0  )
(1.0E-12,10.0,0.19000000000000003)(63.1358937928245 25.0 365.6409999999999 364.95000000000005  )
(1.0E-12 10.0 0.19000000000000003)(32.821396142035226 115.0365.781 364.9479999999999)
(1.0E-12,15.0,0.01)(63.312853000090854 1.0 131.0 131.0  )
(1.0E-12,15.0,0.01)(63.312853000090854 3.0 131.0 131.0  )
(1.0E-12,15.0,0.01)(63.312853000090854 5.0 131.0 131.0  )
(1.0E-12,15.0,0.01)(63.1358937928245 9.0 131.0 131.0  )
(1.0E-12,15.0,0.01)(63.1358937928245 11.0 131.001 131.001  )
(1.0E-12,15.0,0.01)(63.1358937928245 13.0 131.0 131.0  )
(1.0E-12,15.0,0.01)(63.1358937928245 14.0 131.0 131.0  )
(1.0E-12,15.0,0.01)(63.1358937928245 16.0 131.0 130.999  )
(1.0E-12,15.0,0.01)(63.07693199520658 21.0 131.0 130.999  )
(1.0E-12,15.0,0.01)(63.1358937928245 20.0 131.0 131.001  )
(1.0E-12 15.0 0.01)(63.07693199520658 37.0131.0 131.0)
(1.0E-12,15.0,0.02)(63.312853000090854 1.0 165.0 165.0  )
(1.0E-12,15.0,0.02)(63.312853000090854 3.0 165.0 165.0  )
(1.0E-12,15.0,0.02)(63.312853000090854 5.0 164.999 164.999  )
(1.0E-12,15.0,0.02)(63.312853000090854 7.0 165.0 165.0  )
(1.0E-12,15.0,0.02)(63.1358937928245 11.0 165.0 164.999  )
(1.0E-12,15.0,0.02)(63.1358937928245 13.0 165.0 165.0  )
(1.0E-12,15.0,0.02)(63.1358937928245 15.0 165.0 165.00099999999998  )
(1.0E-12,15.0,0.02)(63.1358937928245 16.0 165.001 165.0  )
(1.0E-12,15.0,0.02)(63.1358937928245 17.0 165.0 165.0  )
(1.0E-12,15.0,0.02)(63.07693199520658 18.0 164.99900000000002 165.00099999999998  )
(1.0E-12,15.0,0.02)(63.07693199520658 19.0 165.00100000000003 165.0  )
(1.0E-12 15.0 0.02)(63.03025880802586 36.0164.99999999999997 165.0)
(1.0E-12,15.0,0.03)(63.312853000090854 1.0 193.0 193.0  )
(1.0E-12,15.0,0.03)(63.312853000090854 3.0 193.0 193.0  )
(1.0E-12,15.0,0.03)(63.312853000090854 5.0 193.0 193.0  )
(1.0E-12,15.0,0.03)(63.1358937928245 9.0 193.0 193.0  )
(1.0E-12,15.0,0.03)(63.1358937928245 11.0 193.00099999999998 193.0  )
(1.0E-12,15.0,0.03)(63.1358937928245 13.0 192.99900000000002 192.999  )
(1.0E-12,15.0,0.03)(63.1358937928245 14.0 193.0 192.999  )
(1.0E-12,15.0,0.03)(63.1358937928245 16.0 193.0 193.0  )
(1.0E-12,15.0,0.03)(63.1358937928245 17.0 193.0 192.99900000000002  )
(1.0E-12,15.0,0.03)(63.07693199520658 21.0 193.0 192.999  )
(1.0E-12,15.0,0.03)(63.07693199520658 22.0 192.999 193.00199999999998  )
(1.0E-12,15.0,0.03)(63.03025880802586 23.0 193.0 192.99899999999997  )
(1.0E-12,15.0,0.03)(63.03025880802586 24.0 193.0 193.0  )
(1.0E-12,15.0,0.03)(63.03025880802586 25.0 192.999 192.999  )
(1.0E-12,15.0,0.03)(63.03025880802586 26.0 193.0 193.0  )
(1.0E-12,15.0,0.03)(63.03025880802586 27.0 193.0 193.001  )
(1.0E-12 15.0 0.03)(62.43538323362471 61.0193.00000000000003 193.001)
(1.0E-12,15.0,0.04)(63.312853000090854 3.0 210.0 210.0  )
(1.0E-12,15.0,0.04)(63.312853000090854 5.0 210.0 210.0  )
(1.0E-12,15.0,0.04)(63.1358937928245 9.0 210.0 210.0  )
(1.0E-12,15.0,0.04)(63.1358937928245 11.0 210.0 210.0  )
(1.0E-12,15.0,0.04)(63.1358937928245 13.0 210.0 210.0  )
(1.0E-12,15.0,0.04)(63.1358937928245 14.0 210.0 210.00099999999998  )
(1.0E-12,15.0,0.04)(63.1358937928245 16.0 210.0 210.0  )
(1.0E-12,15.0,0.04)(63.1358937928245 17.0 209.999 209.99800000000002  )
(1.0E-12,15.0,0.04)(63.1358937928245 20.0 210.0 209.99899999999997  )
(1.0E-12,15.0,0.04)(63.07693199520658 21.0 209.999 210.001  )
(1.0E-12,15.0,0.04)(63.07693199520658 22.0 210.0 209.99999999999997  )
(1.0E-12,15.0,0.04)(63.03025880802586 23.0 210.001 209.99800000000002  )
(1.0E-12,15.0,0.04)(63.03025880802586 24.0 210.001 210.0  )
(1.0E-12,15.0,0.04)(63.03025880802586 25.0 210.001 210.001  )
(1.0E-12,15.0,0.04)(63.03025880802586 26.0 209.99800000000002 210.001  )
(1.0E-12,15.0,0.04)(63.03025880802586 27.0 210.002 210.0  )
(1.0E-12 15.0 0.04)(61.871082967626464 68.0210.00099999999998 210.0)
(1.0E-12,15.0,0.05)(63.312853000090854 3.0 228.0 228.0  )
(1.0E-12,15.0,0.05)(63.312853000090854 5.0 228.0 228.0  )
(1.0E-12,15.0,0.05)(63.1358937928245 9.0 228.0 228.00099999999998  )
(1.0E-12,15.0,0.05)(63.1358937928245 11.0 228.0 228.00099999999998  )
(1.0E-12,15.0,0.05)(63.1358937928245 13.0 228.0 228.001  )
(1.0E-12,15.0,0.05)(63.1358937928245 14.0 228.001 228.001  )
(1.0E-12,15.0,0.05)(63.1358937928245 16.0 228.0 228.001  )
(1.0E-12,15.0,0.05)(63.1358937928245 17.0 228.0 228.001  )
(1.0E-12,15.0,0.05)(63.1358937928245 20.0 227.99999999999997 227.99900000000005  )
(1.0E-12,15.0,0.05)(63.07693199520658 21.0 227.99900000000002 228.00099999999998  )
(1.0E-12,15.0,0.05)(63.090035119442504 21.0 228.00099999999998 228.001  )
(1.0E-12,15.0,0.05)(63.07693199520658 22.0 227.99900000000002 227.99900000000002  )
(1.0E-12,15.0,0.05)(63.03025880802586 23.0 228.0 228.002  )
(1.0E-12,15.0,0.05)(63.03025880802586 24.0 228.0 227.99900000000002  )
(1.0E-12,15.0,0.05)(63.03025880802586 25.0 228.00099999999998 227.99900000000002  )
(1.0E-12 15.0 0.05)(61.23706195005199 69.0228.00100000000003 228.00000000000003)
(1.0E-12,15.0,0.060000000000000005)(63.312853000090854 3.0 244.0 244.0  )
(1.0E-12,15.0,0.060000000000000005)(63.312853000090854 5.0 244.0 244.0  )
(1.0E-12,15.0,0.060000000000000005)(63.1358937928245 9.0 244.0 244.0  )
(1.0E-12,15.0,0.060000000000000005)(63.1358937928245 11.0 244.0 244.0  )
(1.0E-12,15.0,0.060000000000000005)(63.1358937928245 13.0 244.0 244.0  )
(1.0E-12,15.0,0.060000000000000005)(63.1358937928245 14.0 244.0 244.0  )
(1.0E-12,15.0,0.060000000000000005)(63.1358937928245 16.0 244.00099999999998 244.00099999999998  )
(1.0E-12,15.0,0.060000000000000005)(63.1358937928245 17.0 244.0 244.00000000000003  )
(1.0E-12,15.0,0.060000000000000005)(63.1358937928245 20.0 243.99900000000002 243.999  )
(1.0E-12,15.0,0.060000000000000005)(63.07693199520658 21.0 244.001 244.00000000000006  )
(1.0E-12,15.0,0.060000000000000005)(63.07693199520658 22.0 244.0 244.0  )
(1.0E-12,15.0,0.060000000000000005)(63.03025880802586 23.0 243.999 244.00000000000003  )
(1.0E-12,15.0,0.060000000000000005)(63.07693199520658 24.0 244.132 243.98599999999996  )
(1.0E-12 15.0 0.060000000000000005)(61.69049626037969 65.0244.0 244.0)
(1.0E-12,15.0,0.07)(63.312853000090854 3.0 262.0 262.0  )
(1.0E-12,15.0,0.07)(63.312853000090854 5.0 262.0 262.0  )
(1.0E-12,15.0,0.07)(63.1358937928245 9.0 262.0 262.0  )
(1.0E-12,15.0,0.07)(63.1358937928245 11.0 262.0 262.0  )
(1.0E-12,15.0,0.07)(63.1358937928245 13.0 262.001 262.0  )
(1.0E-12,15.0,0.07)(63.1358937928245 14.0 262.0 262.0  )
(1.0E-12,15.0,0.07)(63.1358937928245 16.0 261.999 261.999  )
(1.0E-12,15.0,0.07)(63.1358937928245 17.0 261.999 261.99899999999997  )
(1.0E-12,15.0,0.07)(63.1358937928245 20.0 262.001 262.00100000000003  )
(1.0E-12,15.0,0.07)(63.07693199520658 21.0 262.001 262.00100000000003  )
(1.0E-12,15.0,0.07)(63.07693199520658 22.0 262.001 261.999  )
(1.0E-12,15.0,0.07)(63.03025880802586 23.0 262.0 261.999  )
(1.0E-12,15.0,0.07)(63.03025880802586 24.0 262.00100000000003 262.0  )
(1.0E-12 15.0 0.07)(61.455365508360096 66.0262.0 261.99899999999997)
(1.0E-12,15.0,0.08)(63.312853000090854 3.0 272.0 272.0  )
(1.0E-12,15.0,0.08)(63.312853000090854 5.0 272.001 272.001  )
(1.0E-12,15.0,0.08)(63.1358937928245 11.0 272.0 272.0  )
(1.0E-12,15.0,0.08)(63.1358937928245 14.0 271.999 271.999  )
(1.0E-12,15.0,0.08)(63.1358937928245 16.0 271.999 271.999  )
(1.0E-12,15.0,0.08)(63.1358937928245 19.0 272.001 272.0  )
(1.0E-12,15.0,0.08)(63.090035119442504 21.0 272.001 272.00100000000003  )
(1.0E-12,15.0,0.08)(63.03025880802586 23.0 272.0 271.999  )
(1.0E-12,15.0,0.08)(63.03025880802586 24.0 272.001 272.00100000000003  )
(1.0E-12,15.0,0.08)(63.07693199520658 23.0 271.998 272.00100000000003  )
(1.0E-12,15.0,0.08)(63.1358937928245 20.0 272.146 271.984  )
(1.0E-12,15.0,0.08)(63.07693199520658 22.0 271.9989999999999 271.999  )
(1.0E-12 15.0 0.08)(58.9931110681948 74.0272.0 271.99899999999997)
(1.0E-12,15.0,0.09)(63.312853000090854 5.0 281.0 281.0  )
(1.0E-12,15.0,0.09)(63.1358937928245 13.0 281.0 281.0  )
(1.0E-12,15.0,0.09)(63.1358937928245 14.0 281.001 281.00100000000003  )
(1.0E-12,15.0,0.09)(63.1358937928245 16.0 281.001 280.9989999999999  )
(1.0E-12,15.0,0.09)(63.1358937928245 17.0 280.99800000000005 281.0010000000001  )
(1.0E-12,15.0,0.09)(63.07693199520658 21.0 281.001 281.0009999999999  )
(1.0E-12,15.0,0.09)(63.07693199520658 22.0 281.00100000000003 281.0  )
(1.0E-12,15.0,0.09)(63.03025880802586 23.0 281.001 280.999  )
(1.0E-12,15.0,0.09)(63.03025880802586 24.0 280.99899999999997 281.0  )
(1.0E-12,15.0,0.09)(63.07693199520658 25.0 280.999 281.0  )
(1.0E-12,15.0,0.09)(63.07693199520658 26.0 280.99800000000005 281.0  )
(1.0E-12,15.0,0.09)(63.03800811532977 30.0 281.00000000000006 281.0  )
(1.0E-12,15.0,0.09)(63.03800811532977 31.0 281.149 280.98699999999997  )
(1.0E-12 15.0 0.09)(51.027475192562484 84.0281.0 281.00199999999995)
(1.0E-12,15.0,0.09999999999999999)(63.1358937928245 9.0 289.0 289.001  )
(1.0E-12,15.0,0.09999999999999999)(63.1358937928245 14.0 289.00100000000003 289.002  )
(1.0E-12,15.0,0.09999999999999999)(63.1358937928245 16.0 288.999 289.0  )
(1.0E-12,15.0,0.09999999999999999)(63.07693199520658 21.0 288.998 289.001  )
(1.0E-12,15.0,0.09999999999999999)(63.07693199520658 22.0 288.999 289.0  )
(1.0E-12,15.0,0.09999999999999999)(63.03025880802586 23.0 288.999 288.999  )
(1.0E-12,15.0,0.09999999999999999)(63.03025880802586 24.0 289.001 289.0  )
(1.0E-12,15.0,0.09999999999999999)(63.07693199520658 25.0 288.999 289.001  )
(1.0E-12,15.0,0.09999999999999999)(63.07693199520658 26.0 289.0 289.0  )
(1.0E-12 15.0 0.09999999999999999)(47.92188278202121 91.0289.0 288.99899999999997)
(1.0E-12,15.0,0.10999999999999999)(63.1358937928245 11.0 298.001 298.0  )
(1.0E-12,15.0,0.10999999999999999)(63.1358937928245 16.0 298.001 298.00100000000003  )
(1.0E-12,15.0,0.10999999999999999)(63.1358937928245 17.0 298.001 297.99899999999997  )
(1.0E-12,15.0,0.10999999999999999)(63.07693199520658 22.0 298.001 298.0  )
(1.0E-12,15.0,0.10999999999999999)(63.03025880802586 23.0 298.0 297.99899999999997  )
(1.0E-12,15.0,0.10999999999999999)(63.03025880802586 24.0 297.999 298.00100000000003  )
(1.0E-12,15.0,0.10999999999999999)(63.07693199520658 25.0 298.312 297.96900000000005  )
(1.0E-12 15.0 0.10999999999999999)(37.896586260467075 98.0298.003 298.001)
(1.0E-12,15.0,0.11999999999999998)(63.1358937928245 14.0 306.0 306.0  )
(1.0E-12,15.0,0.11999999999999998)(63.1358937928245 16.0 306.0 306.0  )
(1.0E-12,15.0,0.11999999999999998)(63.1358937928245 17.0 306.0 306.0  )
(1.0E-12,15.0,0.11999999999999998)(63.1358937928245 20.0 305.999 306.0  )
(1.0E-12,15.0,0.11999999999999998)(63.03025880802586 23.0 306.0 306.0  )
(1.0E-12,15.0,0.11999999999999998)(62.79931406690024 32.0 306.0 306.0  )
(1.0E-12,15.0,0.11999999999999998)(63.07693199520658 22.0 306.0 305.999  )
(1.0E-12,15.0,0.11999999999999998)(62.93853256679016 30.0 306.001 306.001  )
(1.0E-12,15.0,0.11999999999999998)(63.07693199520658 24.0 306.164 305.984  )
(1.0E-12,15.0,0.11999999999999998)(63.07693199520658 25.0 306.163 305.984  )
(1.0E-12,15.0,0.11999999999999998)(63.03800811532977 30.0 306.161 305.98499999999996  )
(1.0E-12 15.0 0.11999999999999998)(34.31291935702371 104.0305.999 306.0)
(1.0E-12,15.0,0.12999999999999998)(63.1358937928245 14.0 314.0 314.0  )
(1.0E-12,15.0,0.12999999999999998)(63.1358937928245 16.0 314.0 313.999  )
(1.0E-12,15.0,0.12999999999999998)(63.1358937928245 17.0 313.999 314.001  )
(1.0E-12,15.0,0.12999999999999998)(63.07693199520658 22.0 314.0 313.999  )
(1.0E-12,15.0,0.12999999999999998)(63.03025880802586 23.0 313.998 313.99800000000005  )
(1.0E-12,15.0,0.12999999999999998)(63.03025880802586 24.0 314.0 314.001  )
(1.0E-12,15.0,0.12999999999999998)(62.79931406690024 32.0 314.001 314.0  )
(1.0E-12,15.0,0.12999999999999998)(62.93853256679016 30.0 314.33299999999997 313.96799999999996  )
(1.0E-12 15.0 0.12999999999999998)(34.116000150692784 105.0313.9990000000001 314.0)
(1.0E-12,15.0,0.13999999999999999)(63.1358937928245 14.0 323.001 323.001  )
(1.0E-12,15.0,0.13999999999999999)(63.1358937928245 16.0 323.001 322.9989999999999  )
(1.0E-12,15.0,0.13999999999999999)(63.090035119442504 21.0 323.0 323.0  )
(1.0E-12,15.0,0.13999999999999999)(63.03025880802586 23.0 323.0 323.0  )
(1.0E-12,15.0,0.13999999999999999)(62.79931406690024 32.0 323.001 323.00000000000006  )
(1.0E-12,15.0,0.13999999999999999)(62.89099528751109 32.0 323.681 322.932  )
(1.0E-12,15.0,0.13999999999999999)(62.89099528751109 33.0 323.673 322.93199999999996  )
(1.0E-12,15.0,0.13999999999999999)(63.045402514426485 31.0 323.16999999999996 322.982  )
(1.0E-12,15.0,0.13999999999999999)(63.090035119442504 24.0 323.172 322.983  )
(1.0E-12,15.0,0.13999999999999999)(63.312853000090854 1.0 0.0 0.0  )
(1.0E-12,15.0,0.13999999999999999)(62.96924774905912 36.0 323.169 322.984  )
(1.0E-12,15.0,0.13999999999999999)(62.99088920674808 33.0 323.172 322.98499999999996  )
(1.0E-12,15.0,0.13999999999999999)(63.04733619384014 33.0 323.173 322.984  )
(1.0E-12 15.0 0.13999999999999999)(34.44138247489159 102.0322.99800000000005 323.00100000000003)
(1.0E-12,15.0,0.15)(63.1358937928245 14.0 331.001 331.001  )
(1.0E-12,15.0,0.15)(63.1358937928245 19.0 330.999 330.99899999999997  )
(1.0E-12,15.0,0.15)(63.1358937928245 20.0 331.001 331.0  )
(1.0E-12,15.0,0.15)(63.03025880802586 23.0 330.998 330.999  )
(1.0E-12,15.0,0.15)(63.03025880802586 24.0 331.0 331.00100000000003  )
(1.0E-12,15.0,0.15)(62.79931406690024 34.0 331.0 331.002  )
(1.0E-12,15.0,0.15)(62.79931406690024 32.0 331.525 330.94899999999996  )
(1.0E-12,15.0,0.15)(62.89099528751109 32.0 331.528 330.949  )
(1.0E-12,15.0,0.15)(63.03025880802586 26.0 331.178 330.9819999999999  )
(1.0E-12,15.0,0.15)(63.090035119442504 25.0 331.312 330.96099999999996  )
(1.0E-12,15.0,0.15)(63.07693199520658 25.0 331.17800000000005 330.982  )
(1.0E-12 15.0 0.15)(32.704163026448505 105.0331.655 330.949)
(1.0E-12,15.0,0.16)(63.1358937928245 14.0 340.0 339.99899999999997  )
(1.0E-12,15.0,0.16)(63.1358937928245 16.0 339.99899999999997 339.99899999999997  )
(1.0E-12,15.0,0.16)(63.090035119442504 21.0 339.999 340.001  )
(1.0E-12,15.0,0.16)(63.03025880802586 23.0 340.001 340.00000000000006  )
(1.0E-12,15.0,0.16)(63.03025880802586 24.0 339.999 339.99899999999997  )
(1.0E-12,15.0,0.16)(62.79931406690024 34.0 340.0 340.00000000000006  )
(1.0E-12,15.0,0.16)(62.79931406690024 32.0 340.001 339.99899999999997  )
(1.0E-12,15.0,0.16)(63.03025880802586 25.0 340.552 339.947  )
(1.0E-12,15.0,0.16)(63.03025880802586 26.0 340.547 339.94399999999996  )
(1.0E-12,15.0,0.16)(63.312853000090854 1.0 0.0 0.0  )
(1.0E-12,15.0,0.16)(63.312853000090854 3.0 340.0 340.0  )
(1.0E-12 15.0 0.16)(32.563941250744335 109.0341.2049999999999 339.90600000000006)
(1.0E-12,15.0,0.17)(63.1358937928245 14.0 348.001 348.002  )
(1.0E-12,15.0,0.17)(63.1358937928245 16.0 348.0 347.999  )
(1.0E-12,15.0,0.17)(63.090035119442504 21.0 347.999 348.0  )
(1.0E-12,15.0,0.17)(63.03025880802586 23.0 348.00100000000003 347.999  )
(1.0E-12,15.0,0.17)(63.03025880802586 24.0 348.0 347.999  )
(1.0E-12,15.0,0.17)(63.07693199520658 22.0 348.0 348.0009999999999  )
(1.0E-12,15.0,0.17)(63.07693199520658 25.0 348.19 347.98099999999994  )
(1.0E-12,15.0,0.17)(63.312853000090854 1.0 0.0 0.0  )
(1.0E-12 15.0 0.17)(32.276601374864015 113.0350.189 347.832)
(1.0E-12,15.0,0.18000000000000002)(63.1358937928245 14.0 356.999 356.99899999999997  )
(1.0E-12,15.0,0.18000000000000002)(63.1358937928245 19.0 357.001 356.999  )
(1.0E-12,15.0,0.18000000000000002)(63.07693199520658 22.0 357.001 357.0  )
(1.0E-12,15.0,0.18000000000000002)(63.03025880802586 23.0 357.001 356.9990000000001  )
(1.0E-12,15.0,0.18000000000000002)(62.79931406690024 34.0 357.00100000000003 357.00000000000006  )
(1.0E-12,15.0,0.18000000000000002)(62.89099528751109 31.0 357.576 356.943  )
(1.0E-12,15